7 0.11131613756613756 0.29559027777777774 0.13334656084656085 0.08770585317460318
11 0.10889550264550264 0.7881522817460317 0.14503637566137564 0.11797123015873016
8 0.8728009259259258 0.28141617063492064 0.13514880952380953 0.09160218253968254
12 0.4341435185185185 0.45020337301587304 0.09778439153439153 0.07203621031746031
12 0.6463756613756614 0.6950545634920635 0.10558201058201057 0.08306547619047619
10 0.7548578042328042 0.6163616071428571 0.08775462962962963 0.05960565476190476
10 0.3299867724867725 0.5293849206349206 0.0978042328042328 0.06422619047619046
10 0.651494708994709 0.5210267857142857 0.10589616402116403 0.047509920634920634
10 0.7532705026455025 0.7705059523809523 0.08127645502645503 0.06531746031746032
10 0.754510582010582 0.37556051587301587 0.09698412698412698 0.06659722222222222
10 0.6467989417989418 0.29311507936507936 0.0965079365079365 0.07283482142857144
10 0.7557936507936508 0.20584573412698412 0.09955026455026456 0.07190972222222222
3 0.43701388888888887 0.20562251984126986 0.10683531746031746 0.07642361111111111
3 0.5339649470899471 0.29052827380952384 0.10562500000000001 0.07262152777777778
3 0.23128637566137564 0.5375843253968254 0.10874007936507936 0.07566468253968253
3 0.3353306878306878 0.6927232142857143 0.10518849206349205 0.0684796626984127
3 0.2362037037037037 0.7587078373015873 0.10864748677248677 0.05660218253968254
4 0.6493518518518518 0.19343501984126982 0.11153769841269842 0.10413194444444444
1 0.09195767195767195 0.5347371031746032 0.15415013227513227 0.08485367063492064
0 0.11144841269841269 0.6155679563492062 0.1269973544973545 0.0753844246031746