3 0.21550264550264547 0.20817460317460318 0.09396494708994708 0.07126240079365079
3 0.21690806878306876 0.3787301587301587 0.07889880952380952 0.058097718253968256
3 0.21933201058201057 0.4567782738095238 0.07609126984126983 0.06290922619047619
3 0.22444113756613757 0.5471800595238095 0.07609126984126983 0.044548611111111115
3 0.22316468253968255 0.6176636904761905 0.07864417989417989 0.05529513888888889
3 0.22405753968253966 0.7024975198412698 0.07277116402116403 0.060272817460317464
3 0.2246957671957672 0.7826537698412698 0.0919212962962963 0.06546626984126984
3 0.31891534391534393 0.29359623015873015 0.07098214285714285 0.058263888888888886
10 0.7598776455026455 0.21669642857142857 0.08987764550264551 0.06341021825396825
10 0.7625595238095239 0.2989583333333334 0.06204695767195767 0.06132936507936508
10 0.749537037037037 0.38064484126984127 0.08196428571428573 0.05426587301587302
10 0.7468551587301586 0.5390401785714285 0.06894179894179894 0.060825892857142856
10 0.5318650793650793 0.4594593253968254 0.06791997354497355 0.052948908730158735
10 0.7542592592592593 0.6236011904761906 0.06842923280423281 0.055679563492063495
10 0.7485152116402117 0.6964657738095238 0.07992063492063492 0.06927083333333334
10 0.7510681216931216 0.7758531746031746 0.08502645502645503 0.06527281746031746
9 0.6470205026455026 0.6236830357142857 0.0888558201058201 0.06925099206349207
9 0.8714583333333333 0.292063492063492 0.10366732804232805 0.07052083333333332
12 0.8777149470899471 0.20803075396825396 0.10340939153439153 0.07863839285714286
12 0.8705654761904762 0.7858978174603174 0.10954034391534391 0.09493799603174603
7 0.8727347883597883 0.37881448412698415 0.10111441798941799 0.06017857142857143
7 0.8502678571428571 0.6277083333333333 0.0970271164021164 0.06963789682539683
11 0.8718419312169312 0.5421899801587302 0.13762566137566137 0.06903769841269841
8 0.871332671957672 0.4573412698412698 0.14681878306878307 0.07169394841269841
5 0.08732473544973544 0.20014632936507937 0.1235813492063492 0.08201636904761905
5 0.10711309523809524 0.7839012896825397 0.12485780423280424 0.08519841269841269
0 0.09370701058201059 0.3775843253968254 0.12102843915343915 0.06729166666666667
0 0.10506944444444445 0.617624007936508 0.11055886243386243 0.06670386904761905
2 0.1000925925925926 0.6987375992063491 0.0980489417989418 0.06998511904761905
2 0.3181481481481482 0.20444196428571426 0.09498346560846561 0.08103174603174604
1 0.08987764550264551 0.4615699404761905 0.13890211640211642 0.07249007936507935
4 0.09294312169312169 0.5463219246031746 0.13481812169312168 0.07155753968253968