7 0.10525132275132275 0.28979910714285717 0.10366402116402117 0.08322916666666666
11 0.10409722222222223 0.7835962301587301 0.1360019841269841 0.10927083333333333
8 0.8679960317460318 0.2850347222222222 0.13051587301587303 0.09102430555555556
10 0.758558201058201 0.20911458333333333 0.07912037037037037 0.06262648809523809
10 0.6362698412698412 0.28925595238095236 0.07420965608465609 0.05831845238095238
10 0.75307208994709 0.3754613095238095 0.07392195767195767 0.05747767857142857
10 0.6472420634920635 0.5263070436507937 0.07305555555555555 0.06247271825396825
10 0.7552380952380953 0.6191195436507937 0.06958994708994709 0.06401785714285714
10 0.7491732804232805 0.7672718253968254 0.07478835978835979 0.06579365079365079
10 0.32946759259259256 0.5238144841269842 0.0756547619047619 0.055324900793650794
3 0.4365972222222222 0.19817460317460317 0.06468253968253967 0.060240575396825397
3 0.526686507936508 0.28828125 0.07161044973544974 0.05853670634920635
3 0.22234126984126984 0.539702380952381 0.0750760582010582 0.06327876984126984
3 0.22262896825396827 0.7760119047619047 0.08142857142857143 0.07244543650793651
1 0.09225859788359789 0.5380952380952381 0.14120039682539684 0.07522321428571428
0 0.11680224867724867 0.6148784722222222 0.12676256613756615 0.06203373015873016
12 0.4355853174603175 0.45028025793650794 0.08287367724867725 0.06201636904761905
12 0.41162037037037036 0.6920039682539683 0.08691468253968253 0.07768353174603175
4 0.6525859788359789 0.1965699404761905 0.09240079365079365 0.10684275793650794