5 0.09181547619047618 0.20435515873015875 0.1307175925925926 0.09621279761904762
12 0.880003306878307 0.21732886904761906 0.12310515873015872 0.10231646825396826
12 0.8743287037037036 0.7873412698412698 0.1282903439153439 0.10394841269841269
5 0.1099371693121693 0.7827951388888889 0.12728174603174602 0.09237599206349206
0 0.1070866402116402 0.37785218253968256 0.12488756613756614 0.08357886904761905
0 0.11766534391534392 0.6265104166666667 0.1328174603174603 0.07246775793650793
2 0.10942791005291005 0.7005381944444445 0.13949074074074075 0.06923115079365079
1 0.09184854497354497 0.46101686507936507 0.15063161375661374 0.06885912698412698
4 0.0974702380952381 0.545124007936508 0.14533399470899472 0.07090277777777777
3 0.21733134920634922 0.216344246031746 0.09735780423280424 0.07802827380952382
3 0.2222883597883598 0.3778125 0.1072718253968254 0.07110119047619048
3 0.3279365079365079 0.29555059523809524 0.0937037037037037 0.07026785714285715
3 0.22773478835978836 0.4578993055555556 0.1082473544973545 0.07254464285714286
3 0.22165013227513228 0.5447743055555556 0.0894675925925926 0.07516617063492063
3 0.23596560846560843 0.623735119047619 0.10156415343915344 0.06443452380952382
3 0.33870370370370373 0.7033407738095238 0.08547619047619048 0.07235615079365079
3 0.22887566137566137 0.7794246031746032 0.10722222222222222 0.07819196428571427
11 0.5446428571428571 0.293797123015873 0.11706349206349206 0.0915625
8 0.8741765873015874 0.46762896825396827 0.14120701058201057 0.09200396825396825
9 0.6417460317460317 0.620359623015873 0.10293981481481482 0.07256448412698412
9 0.654431216931217 0.2138715277777778 0.10516203703703704 0.08796378968253969
7 0.8633201058201058 0.3781423611111111 0.11950066137566137 0.07920138888888888
7 0.8550198412698412 0.6286185515873016 0.10620039682539682 0.07916170634920636
10 0.5355092592592593 0.458422619047619 0.08887896825396825 0.06119047619047619
10 0.7551421957671959 0.21268105158730158 0.08833002645502645 0.0657390873015873
10 0.7558267195767195 0.30015376984126985 0.10622685185185186 0.07203621031746031
10 0.7565839947089946 0.3790277777777778 0.09121031746031746 0.07353174603174603
10 0.7497652116402116 0.5425768849206349 0.09410383597883598 0.07076636904761904
10 0.7526851851851851 0.6210342261904762 0.09664351851851852 0.07639632936507935
10 0.745056216931217 0.6979191468253969 0.08799272486772486 0.06895585317460316
10 0.748015873015873 0.7753844246031746 0.09060846560846561 0.07507440476190476