7 0.10929232804232804 0.29542410714285716 0.11607142857142858 0.0769593253968254
9 0.4312169312169312 0.5273536706349207 0.08862433862433862 0.08943204365079364
10 0.5403439153439153 0.45591517857142855 0.09523809523809523 0.08544146825396826
10 0.642691798941799 0.5351686507936508 0.0916005291005291 0.07777529761904761
10 0.7438822751322751 0.6154117063492064 0.09556878306878307 0.07209325396825397
10 0.749834656084656 0.7715600198412698 0.09424603174603174 0.06941220238095239
10 0.7579365079365079 0.373187003968254 0.08068783068783068 0.06631696428571428
10 0.6536044973544973 0.29269593253968257 0.09358465608465609 0.06654017857142858
10 0.7584325396825397 0.20922619047619048 0.09821428571428571 0.0806547619047619
8 0.8736772486772487 0.2837673611111111 0.1402116402116402 0.08836557539682541
11 0.6506283068783069 0.3765376984126984 0.10747354497354497 0.08541666666666665
12 0.8553240740740741 0.45417658730158733 0.11342592592592593 0.0670858134920635
12 0.6521164021164021 0.6931770833333333 0.10714285714285714 0.08129464285714286
1 0.09523809523809523 0.4543030753968254 0.14417989417989419 0.08469742063492064
3 0.22023809523809523 0.5364087301587303 0.08994708994708994 0.07529513888888888
3 0.3351521164021164 0.6068551587301587 0.09821428571428571 0.06737847222222222
3 0.4298941798941799 0.45157242063492065 0.08597883597883597 0.06435515873015873
3 0.3298611111111111 0.30125496031746035 0.10085978835978836 0.0811780753968254
3 0.4383267195767196 0.20786210317460319 0.10615079365079365 0.0853670634920635
1 0.11441798941798942 0.6092113095238095 0.1164021164021164 0.06465029761904763
5 0.11541005291005291 0.7765252976190475 0.125 0.09917906746031746
0 0.2275132275132275 0.7709424603174603 0.09126984126984126 0.08057539682539683
3 0.3361441798941799 0.6990054563492063 0.10681216931216932 0.07559275793650794