3 0.3286243386243386 0.2997916666666667 0.10168981481481482 0.07874751984126983
3 0.2165443121693122 0.21526289682539684 0.10240079365079366 0.07338541666666666
3 0.2254563492063492 0.38117063492063497 0.10479166666666666 0.0678968253968254
3 0.22768518518518518 0.46394345238095236 0.09822751322751323 0.07140376984126984
3 0.22261243386243385 0.5385664682539683 0.09469246031746033 0.06853670634920635
3 0.22445767195767197 0.6185218253968254 0.09177579365079364 0.06806299603174604
3 0.2324503968253968 0.6984300595238095 0.11657738095238095 0.07576140873015874
3 0.23121362433862436 0.7809474206349207 0.10087301587301588 0.07049107142857143
5 0.09702380952380951 0.20605406746031746 0.123505291005291 0.09299355158730159
2 0.09470568783068782 0.29711309523809526 0.1342989417989418 0.08496775793650793
0 0.10183531746031746 0.3815302579365079 0.12871362433862435 0.07357390873015872
1 0.09401455026455027 0.4560019841269841 0.1593716931216931 0.07371031746031746
4 0.08958002645502645 0.5458110119047619 0.15270171957671957 0.08302331349206349
0 0.10488756613756614 0.6231423611111112 0.12159391534391534 0.07069196428571428
2 0.10495039682539682 0.704828869047619 0.12833002645502645 0.08194940476190476
5 0.10786375661375662 0.7881423611111111 0.13415674603174604 0.07992311507936507
10 0.5370998677248677 0.4566840277777778 0.08874669312169313 0.06515376984126983
10 0.7535383597883597 0.21666666666666667 0.0961441798941799 0.07453621031746031
10 0.7563161375661376 0.30133184523809525 0.09949074074074074 0.07356398809523809
10 0.7539451058201058 0.3806547619047619 0.09695767195767195 0.0784375
10 0.7521759259259259 0.5411359126984128 0.0934160052910053 0.07201884920634921
10 0.7512731481481482 0.6209573412698413 0.09601851851851852 0.07128224206349207
10 0.7475793650793651 0.6980530753968255 0.09745039682539683 0.07004712301587301
10 0.7469742063492063 0.7768005952380952 0.10064814814814815 0.07377480158730158
9 0.6445039682539683 0.6217311507936508 0.10514880952380953 0.07779017857142857
9 0.8670568783068783 0.2950248015873016 0.11374338624338623 0.07583333333333334
12 0.874755291005291 0.2112996031746032 0.12252645502645503 0.08364335317460317
12 0.8659953703703703 0.7854861111111111 0.118234126984127 0.09444940476190476
7 0.8678935185185186 0.6280729166666666 0.12643518518518518 0.0855109126984127
7 0.8698280423280423 0.38190476190476186 0.11267195767195769 0.07928323412698413
8 0.8761772486772487 0.4609647817460317 0.13639550264550263 0.07867311507936507
11 0.8763690476190475 0.5467509920634921 0.13898478835978836 0.08490327380952381