5 0.09176587301587301 0.20463789682539682 0.12731481481481483 0.09379960317460317
0 0.0980489417989418 0.3818700396825397 0.12003968253968254 0.07872271825396826
1 0.0916005291005291 0.45740327380952384 0.14351851851851852 0.06857390873015873
4 0.08746693121693122 0.5478199404761904 0.15178571428571427 0.0881969246031746
0 0.10201719576719577 0.628187003968254 0.11474867724867725 0.060438988095238094
2 0.10582010582010581 0.7039657738095237 0.11243386243386243 0.06567212301587302
5 0.1078042328042328 0.7852058531746031 0.12962962962962962 0.08181795634920634
3 0.21792328042328044 0.2103422619047619 0.10515873015873016 0.07048611111111111
3 0.322255291005291 0.29368799603174606 0.09226190476190477 0.06852430555555557
3 0.22536375661375663 0.3771577380952381 0.103505291005291 0.07425595238095238
3 0.22354497354497355 0.45566468253968256 0.09656084656084656 0.07006200396825397
3 0.22354497354497355 0.5377703373015873 0.08333333333333333 0.07058283730158729
3 0.22585978835978837 0.6156597222222222 0.09457671957671958 0.06762896825396826
3 0.32953042328042326 0.6947891865079365 0.08035714285714286 0.06219494047619048
3 0.23082010582010581 0.7728025793650793 0.09788359788359788 0.07685515873015873
9 0.656084656084656 0.21381448412698414 0.10185185185185185 0.07743055555555556
9 0.6468253968253969 0.6207465277777777 0.09656084656084656 0.07531994047619048
11 0.6431878306878307 0.3822420634920635 0.10912698412698413 0.08194692460317461
8 0.8756613756613757 0.46273561507936506 0.14417989417989419 0.08172371031746031
7 0.87119708994709 0.3750496031746032 0.11871693121693122 0.07251736111111111
7 0.8563161375661376 0.6253348214285714 0.1087962962962963 0.0820188492063492
12 0.8673941798941799 0.7860739087301587 0.1078042328042328 0.09595734126984126
12 0.8763227513227513 0.20538194444444444 0.11904761904761904 0.09032738095238095
10 0.7552910052910053 0.2143105158730159 0.07539682539682539 0.06850198412698412
10 0.7609126984126984 0.29815228174603176 0.09325396825396826 0.07745535714285715
10 0.7496693121693122 0.3783978174603175 0.083994708994709 0.061852678571428565
10 0.7457010582010583 0.5376463293650794 0.07605820105820106 0.06289186507936509
10 0.7485119047619048 0.622108134920635 0.07837301587301587 0.06068452380952381
10 0.748181216931217 0.6985094246031746 0.08432539682539683 0.05475446428571429
10 0.7433862433862434 0.7756547619047619 0.09126984126984126 0.06519593253968255
10 0.5337301587301587 0.4606274801587302 0.082010582010582 0.07006448412698413