4 0.651385582010582 0.19623015873015875 0.10899140211640211 0.0998015873015873
1 0.10035714285714287 0.45613591269841275 0.1444940476190476 0.08389880952380951
0 0.10781746031746033 0.613735119047619 0.11311838624338624 0.07171626984126984
5 0.11029761904761906 0.7782638888888889 0.12799933862433863 0.08083333333333334
3 0.22772486772486772 0.5420659722222223 0.1016170634920635 0.07718501984126984
3 0.3285251322751323 0.29238839285714285 0.0948776455026455 0.07138144841269842
3 0.43744378306878307 0.2041468253968254 0.09777116402116402 0.07098958333333334
3 0.43505291005291 0.45268601190476193 0.09298611111111112 0.06708085317460317
3 0.34056547619047617 0.6957936507936509 0.09581679894179894 0.06718253968253968
3 0.22813822751322752 0.7724950396825396 0.09583002645502646 0.06929315476190476
11 0.6493849206349206 0.3751810515873016 0.09837301587301588 0.0807217261904762
7 0.10756283068783068 0.29519593253968257 0.11592261904761905 0.07948164682539684
8 0.8717956349206349 0.2838888888888889 0.1331415343915344 0.09158730158730158
12 0.8621560846560846 0.45525297619047617 0.11055555555555556 0.07717013888888888
12 0.6451455026455026 0.6986408730158731 0.10312169312169311 0.07783978174603175
10 0.7569411375661375 0.20663194444444444 0.08531415343915344 0.0635639880952381
10 0.6528736772486773 0.29904017857142856 0.10204034391534392 0.06484623015873016
10 0.7522619047619048 0.3738343253968254 0.08587632275132275 0.06314732142857143
10 0.6452050264550264 0.5319866071428571 0.09001653439153438 0.06942956349206349
10 0.7537665343915344 0.6172470238095238 0.09219246031746033 0.07129960317460318
10 0.4402910052910053 0.5358482142857143 0.09684854497354498 0.06970982142857143
10 0.7488095238095238 0.7720510912698413 0.08889219576719577 0.07832837301587302