7 0.11044973544973545 0.2936780753968254 0.12962962962962962 0.07038442460317461
11 0.10383597883597884 0.7828348214285714 0.15608465608465608 0.1039732142857143
8 0.8850859788359788 0.2793030753968254 0.14649470899470898 0.10920138888888889
12 0.4330357142857143 0.4528125 0.09556878306878307 0.07179811507936508
12 0.6476521164021164 0.6940451388888889 0.09490740740740741 0.07559027777777777
10 0.3253968253968254 0.5311979166666666 0.08862433862433862 0.06983630952380952
10 0.6359126984126984 0.2883556547619048 0.09457671957671958 0.07522073412698413
10 0.7526455026455027 0.19992311507936508 0.09656084656084656 0.07941220238095238
10 0.7528108465608465 0.37765376984126986 0.09358465608465609 0.07524801587301587
10 0.6471560846560847 0.5303298611111111 0.10383597883597884 0.0755406746031746
10 0.7526455026455027 0.6124355158730159 0.09656084656084656 0.07606150793650794
10 0.7509920634920635 0.7626314484126984 0.08664021164021164 0.07139384920634921
3 0.4419642857142857 0.6945411706349206 0.09358465608465609 0.07658234126984126
3 0.2294973544973545 0.5385168650793651 0.09523809523809523 0.07703125
3 0.5363756613756614 0.29455605158730164 0.0873015873015873 0.07274305555555556
3 0.43584656084656087 0.20376984126984127 0.09788359788359788 0.07966021825396825
3 0.23230820105820105 0.7659821428571428 0.09755291005291006 0.09049603174603174
0 0.10945767195767196 0.6091989087301587 0.125 0.08418154761904763
1 0.09490740740740741 0.5323015873015873 0.14087301587301587 0.0891641865079365
4 0.6395502645502645 0.19445436507936506 0.10317460317460317 0.09025793650793651