4 0.4266732804232804 0.19872767857142856 0.10008928571428571 0.10685515873015873
1 0.0967361111111111 0.5378100198412697 0.1470403439153439 0.07884176587301588
7 0.10795965608465609 0.28889632936507936 0.13078703703703703 0.07824404761904763
7 0.10976521164021165 0.6151140873015872 0.11892195767195768 0.06512648809523809
3 0.5339880952380952 0.2853968253968254 0.06707010582010582 0.05576884920634921
3 0.22597883597883597 0.5376289682539682 0.0804861111111111 0.05913194444444444
3 0.6373048941798942 0.7669022817460318 0.07506944444444444 0.07268849206349207
10 0.7557109788359788 0.20568948412698412 0.0797123015873016 0.06660962301587302
10 0.4262863756613756 0.3709126984126984 0.06578042328042327 0.056537698412698414
10 0.3258101851851852 0.5272619047619048 0.06861772486772487 0.051941964285714286
10 0.5434027777777778 0.5336483134920635 0.0730026455026455 0.05310267857142857
10 0.7553240740740741 0.6117261904761905 0.07635912698412699 0.05641617063492063
10 0.6398842592592593 0.29005704365079366 0.0699074074074074 0.05734623015873016
8 0.8783730158730159 0.2835615079365079 0.13156084656084654 0.09659722222222222
11 0.10834656084656084 0.785094246031746 0.13827050264550264 0.10907242063492063