7 0.10896164021164022 0.2928199404761905 0.12202380952380952 0.0742311507936508
11 0.10697751322751323 0.7844642857142857 0.15773809523809523 0.11505704365079365
8 0.8773148148148148 0.28165922619047623 0.14087301587301587 0.09655257936507937
12 0.4310515873015873 0.6941691468253968 0.10482804232804233 0.08327876984126983
12 0.43039021164021163 0.4485962301587302 0.103505291005291 0.0683234126984127
10 0.32837301587301587 0.5282217261904761 0.08796296296296297 0.07380456349206349
10 0.6469907407407407 0.5335540674603174 0.09358465608465609 0.06710813492063492
10 0.7526455026455027 0.36847470238095237 0.09656084656084656 0.07177331349206349
10 0.644510582010582 0.2944320436507937 0.09854497354497355 0.06505208333333334
10 0.7526455026455027 0.20873015873015874 0.09656084656084656 0.06973958333333333
10 0.6403769841269841 0.7714384920634921 0.09358465608465609 0.08156746031746032
10 0.7504960317460317 0.6159077380952381 0.09556878306878307 0.07308531746031746
1 0.09424603174603174 0.536780753968254 0.13558201058201058 0.07851934523809523
4 0.6527777777777778 0.19719742063492063 0.09523809523809523 0.09875992063492063
0 0.11078042328042328 0.6124355158730159 0.11574074074074074 0.07606150793650794
3 0.43452380952380953 0.20463789682539682 0.09523809523809523 0.07395585317460317
3 0.5353835978835979 0.2944320436507937 0.09193121693121693 0.07497519841269841
3 0.22602513227513227 0.5355381944444444 0.0916005291005291 0.07107886904761904
3 0.335978835978836 0.7694518849206349 0.08333333333333333 0.06767609126984127