10 0.226521164021164 0.20885416666666667 0.0958994708994709 0.06750744047619048
10 0.32671957671957674 0.5273536706349207 0.09126984126984126 0.06958829365079365
10 0.544808201058201 0.5314459325396825 0.08101851851851852 0.06537202380952381
10 0.6421957671957672 0.28773313492063496 0.0873015873015873 0.06654017857142858
10 0.7486772486772487 0.616155753968254 0.08862433862433862 0.06862103174603175
3 0.748015873015873 0.7714384920634921 0.10052910052910052 0.08156746031746032
3 0.22635582010582012 0.5330580357142857 0.08564814814814815 0.06611607142857143
3 0.5324074074074074 0.2847569444444445 0.09259259259259259 0.07050595238095238
4 0.31812169312169314 0.3674826388888889 0.11375661375661375 0.07970982142857143
1 0.09507275132275132 0.5303298611111111 0.14715608465608465 0.0755406746031746
0 0.1109457671957672 0.6113194444444445 0.11276455026455026 0.07630952380952381
8 0.8753306878306878 0.2793030753968254 0.13690476190476192 0.10920138888888889
11 0.10978835978835978 0.7848338293650793 0.14682539682539683 0.10836061507936509