4 0.0894510582010582 0.3713169642857143 0.17493386243386244 0.07879464285714285
1 0.09457671957671958 0.5324280753968254 0.16137566137566137 0.08147569444444444
0 0.11838624338624339 0.6110615079365079 0.11375661375661375 0.06805803571428572
3 0.5355489417989417 0.28872519841269845 0.10218253968253968 0.06852430555555557
3 0.22718253968253968 0.5342881944444444 0.08796296296296297 0.06535218253968254
10 0.33647486772486773 0.5257291666666666 0.09755291005291006 0.07006696428571428
10 0.21957671957671956 0.20935019841269842 0.08862433862433862 0.07842261904761905
10 0.5393518518518519 0.5293377976190476 0.09986772486772487 0.07355654761904762
10 0.7569444444444444 0.6126835317460317 0.09854497354497355 0.07159722222222223
10 0.6509589947089947 0.295796130952381 0.10152116402116403 0.08018353174603175
8 0.878968253968254 0.2748387896825397 0.13756613756613756 0.11019345238095238
11 0.7612433862433863 0.7823536706349206 0.1402116402116402 0.11332093253968255