4 0.09389219576719576 0.36960813492063493 0.16132605820105822 0.08445684523809523
1 0.09257275132275132 0.5352405753968255 0.14215608465608465 0.08089533730158731
0 0.1098478835978836 0.6158134920634921 0.120489417989418 0.07339285714285715
3 0.5382440476190476 0.2893650793650794 0.09103505291005291 0.07029761904761905
3 0.7437466931216932 0.7645808531746031 0.09199074074074075 0.0733110119047619
3 0.22816798941798944 0.5324950396825396 0.1025 0.07788690476190477
10 0.32599537037037035 0.3769122023809524 0.09312830687830688 0.07177827380952381
10 0.3279133597883598 0.5249553571428571 0.0870436507936508 0.06032738095238095
10 0.5339351851851851 0.5285466269841269 0.09564814814814815 0.06751240079365078
10 0.6461838624338624 0.2889285714285714 0.09197089947089947 0.06942460317460318
10 0.7502645502645503 0.6087748015873016 0.0884920634920635 0.07419642857142858
10 0.33058862433862435 0.20535962301587302 0.09900462962962962 0.08085813492063491
8 0.8742328042328041 0.2768625992063492 0.1314021164021164 0.08993551587301588
8 0.10961970899470899 0.7815724206349207 0.15641203703703704 0.10729166666666667