10 0.2177579365079365 0.20699404761904763 0.09490740740740741 0.07122767857142857
10 0.6453373015873016 0.29195188492063495 0.09689153439153439 0.07993551587301588
10 0.541005291005291 0.5328100198412699 0.08333333333333333 0.07058035714285714
10 0.5345568783068783 0.6146701388888889 0.09358465608465609 0.08548859126984126
11 0.7688492063492064 0.19446924603174603 0.13558201058201058 0.09826140873015873
8 0.8779761904761905 0.27384424603174606 0.1421957671957672 0.09828621031746032
3 0.5383597883597884 0.2887276785714286 0.09126984126984126 0.07844494047619048
0 0.644510582010582 0.36984126984126986 0.09854497354497355 0.07698164682539682
4 0.32919973544973546 0.5309499007936508 0.11276455026455026 0.08422371031746032
3 0.22701719576719576 0.526609623015873 0.08697089947089948 0.07306051587301587
1 0.08961640211640212 0.5335565476190477 0.12632275132275134 0.08695188492063491