5 0.09550925925925925 0.19906001984126984 0.13305555555555557 0.09543402777777778
5 0.11646494708994709 0.7846899801587301 0.11057539682539683 0.08128224206349206
1 0.09426917989417989 0.4571354166666667 0.1488558201058201 0.08093998015873016
4 0.0957473544973545 0.5427604166666666 0.16173280423280423 0.08105654761904761
0 0.10751322751322752 0.6226364087301587 0.11912367724867726 0.07463789682539683
0 0.3185152116402117 0.20814484126984129 0.10793320105820105 0.08642857142857144
3 0.21886904761904763 0.2123809523809524 0.10374007936507935 0.08249999999999999
3 0.33049603174603176 0.29764632936507934 0.0955191798941799 0.08189732142857142
3 0.43964285714285717 0.46113839285714286 0.09886243386243386 0.06909970238095238
3 0.2290277777777778 0.5412797619047619 0.10421957671957673 0.0706547619047619
3 0.3294113756613757 0.6141493055555556 0.09665674603174604 0.07006448412698413
3 0.3371693121693122 0.6987872023809525 0.09894179894179894 0.07564980158730158
3 0.2310548941798942 0.7786359126984127 0.10166005291005291 0.08406001984126985
2 0.3383333333333333 0.7818005952380952 0.10457341269841271 0.07550347222222223
9 0.6540145502645502 0.21272569444444445 0.09771494708994709 0.09031249999999999
9 0.6462996031746032 0.6182514880952381 0.10543320105820106 0.07827132936507936
7 0.5410945767195767 0.6285292658730158 0.10996693121693123 0.08890376984126984
7 0.8622156084656085 0.6222966269841269 0.11067791005291006 0.08387896825396825
12 0.8672354497354497 0.7853769841269841 0.12071428571428572 0.0950595238095238
12 0.8707936507936509 0.2050173611111111 0.11460317460317461 0.0876140873015873
8 0.8793783068783068 0.4599479166666667 0.14500000000000002 0.09400297619047619
11 0.6479133597883597 0.3736780753968254 0.10534722222222222 0.07523313492063491
10 0.7572784391534392 0.21438492063492062 0.08598544973544973 0.06666914682539683
10 0.7611375661375661 0.30342757936507936 0.10031746031746032 0.07610119047619048
10 0.7553141534391535 0.3761011904761905 0.08536375661375661 0.07511656746031746
10 0.541276455026455 0.4601488095238095 0.10040674603174603 0.07456349206349205
10 0.648587962962963 0.5407614087301587 0.10008597883597885 0.05969742063492063
10 0.762718253968254 0.625796130952381 0.08694113756613757 0.06855902777777778
10 0.7504960317460317 0.6954414682539682 0.08895502645502645 0.06400049603174604
10 0.749920634920635 0.7764136904761905 0.09111441798941798 0.07217261904761904