5 0.08713624338624339 0.20066964285714287 0.10482804232804233 0.08586061507936509
5 0.10912698412698413 0.7828472222222222 0.13227513227513227 0.07462549603174602
2 0.09656084656084656 0.2928199404761905 0.1335978835978836 0.0742311507936508
2 0.1130952380952381 0.7004935515873015 0.10052910052910052 0.07856894841269842
0 0.09391534391534391 0.37938988095238096 0.11507936507936507 0.07375992063492062
0 0.10515873015873016 0.6224826388888889 0.12433862433862433 0.07383184523809523
1 0.08779761904761904 0.4560391865079365 0.13260582010582012 0.07328621031746033
4 0.09259259259259259 0.5417410714285714 0.1388888888888889 0.07852182539682541
3 0.21626984126984128 0.2133184523809524 0.09523809523809523 0.07643849206349206
3 0.32605820105820105 0.2931919642857143 0.10317460317460317 0.06753224206349207
3 0.21875 0.3783978174603175 0.103505291005291 0.061852678571428565
3 0.21891534391534392 0.45827132936507936 0.10052910052910052 0.07279017857142857
3 0.22255291005291006 0.5432291666666668 0.10119047619047619 0.07157738095238096
3 0.226521164021164 0.6187599206349207 0.0958994708994709 0.06142857142857143
3 0.23098544973544974 0.6950372023809523 0.10813492063492064 0.07757440476190476
3 0.22156084656084657 0.7823511904761905 0.09259259259259259 0.06371031746031745
10 0.53505291005291 0.4603794642857143 0.09788359788359788 0.06460565476190476
10 0.7602513227513228 0.21567460317460319 0.10515873015873016 0.07371031746031746
10 0.7599206349206349 0.2967881944444445 0.08465608465608465 0.07224702380952382
10 0.7473544973544973 0.37864583333333335 0.08597883597883597 0.06731150793650793
10 0.7457010582010583 0.5366542658730159 0.07605820105820106 0.0609077380952381
10 0.7458664021164021 0.616155753968254 0.08630952380952381 0.06862103174603175
10 0.7457010582010583 0.6960292658730158 0.08928571428571429 0.05971478174603175
10 0.7476851851851852 0.7736706349206349 0.09325396825396826 0.07114831349206349
9 0.6415343915343915 0.6216121031746032 0.0992063492063492 0.06961557539682539
9 0.8690476190476191 0.2907118055555556 0.10449735449735449 0.07249255952380954
12 0.8776455026455027 0.21245039682539682 0.10846560846560846 0.08214285714285714
12 0.8642526455026455 0.7847098214285714 0.12466931216931217 0.10066964285714285
7 0.8645833333333334 0.6283110119047619 0.11871693121693122 0.08797371031746032
7 0.8697089947089947 0.38125000000000003 0.11904761904761904 0.07996279761904762
8 0.8736772486772487 0.4578993055555556 0.1402116402116402 0.06956597222222223
11 0.8708664021164021 0.5432291666666668 0.1378968253968254 0.08149801587301587