7 0.11342592592592593 0.29232390873015873 0.12103174603174603 0.08315972222222222
11 0.10582010582010581 0.7807440476190476 0.15211640211640212 0.12249751984126984
10 0.3220899470899471 0.5268576388888889 0.09523809523809523 0.07851686507936508
10 0.5439814814814815 0.5311979166666666 0.0958994708994709 0.06983630952380952
10 0.6382275132275133 0.2961681547619048 0.10582010582010581 0.07348710317460318
10 0.7564484126984127 0.21158234126984127 0.09424603174603174 0.0779265873015873
10 0.7473544973544973 0.3750496031746032 0.0992063492063492 0.07251736111111111
10 0.7452050264550265 0.6106994047619048 0.09821428571428571 0.07754960317460317
10 0.640707671957672 0.7719345238095239 0.08763227513227513 0.07263640873015872
8 0.8721891534391535 0.2812872023809524 0.12731481481481483 0.09332589285714286
4 0.4350198412698413 0.1986855158730159 0.1259920634920635 0.11165922619047619
3 0.5370370370370371 0.29306795634920635 0.10185185185185185 0.07968750000000001
3 0.2286706349206349 0.5319444444444444 0.09689153439153439 0.08620783730158729
1 0.09788359788359788 0.5370287698412699 0.14947089947089948 0.08397817460317461
0 0.1078042328042328 0.6113194444444445 0.10317460317460317 0.07630952380952381
3 0.5324074074074074 0.6884647817460318 0.09259259259259259 0.07682787698412698
3 0.5343915343915344 0.28884920634920636 0.09656084656084656 0.0662921626984127