5 0.10468915343915343 0.209640376984127 0.12560185185185185 0.09520833333333333
2 0.10092592592592592 0.29947420634920635 0.1268915343915344 0.08142113095238096
0 0.10245701058201058 0.381875 0.12775462962962963 0.0775719246031746
1 0.09828042328042327 0.4602703373015873 0.14585648148148148 0.07232886904761905
4 0.09463955026455026 0.544516369047619 0.14298280423280424 0.07051587301587302
0 0.10778439153439154 0.6205208333333333 0.12077050264550264 0.07040674603174603
2 0.11521164021164021 0.69703125 0.12680555555555556 0.07131200396825396
5 0.11226521164021164 0.781609623015873 0.1275297619047619 0.0883482142857143
3 0.22123015873015872 0.2164012896825397 0.10075066137566138 0.07566220238095238
3 0.22268518518518518 0.3001612103174603 0.09705026455026455 0.07122271825396825
3 0.22500661375661374 0.3819419642857143 0.10389219576719577 0.06943700396825397
3 0.22675925925925927 0.46130704365079367 0.09417328042328041 0.06778769841269841
3 0.2287533068783069 0.5438392857142857 0.09154761904761904 0.06254712301587302
3 0.23203373015873013 0.6195510912698413 0.08928571428571429 0.06185515873015873
3 0.23115410052910051 0.7005357142857143 0.08973214285714287 0.06343998015873016
3 0.23191798941798944 0.7775644841269841 0.09566798941798942 0.07695188492063491
10 0.7542625661375661 0.22128968253968254 0.09538690476190476 0.06890128968253968
10 0.7530654761904761 0.3011309523809524 0.09299272486772486 0.0715079365079365
10 0.7522321428571429 0.38329861111111113 0.09353174603174602 0.06884424603174603
10 0.752906746031746 0.4644122023809524 0.09708333333333333 0.07565228174603174
10 0.7511507936507936 0.5478993055555555 0.09357473544973546 0.07397321428571428
10 0.7514186507936508 0.6246428571428572 0.0896957671957672 0.07203869047619046
10 0.7520502645502645 0.7025049603174603 0.09096230158730159 0.06903025793650794
10 0.7499074074074074 0.7789806547619047 0.08888227513227512 0.06986359126984126
12 0.8743551587301588 0.2125669642857143 0.11952050264550265 0.08287202380952381
9 0.8740112433862435 0.2977132936507937 0.11442791005291005 0.06632440476190476
7 0.8682903439153439 0.3809052579365079 0.11621031746031747 0.07232886904761905
11 0.8829828042328042 0.4623263888888889 0.14338955026455028 0.07809027777777779
8 0.8765410052910052 0.5486160714285714 0.1327116402116402 0.07209821428571428
7 0.8596296296296296 0.6285391865079365 0.10771164021164022 0.07652281746031747
9 0.8582473544973546 0.7134375 0.10273809523809524 0.07766617063492062
12 0.8695568783068783 0.7949032738095239 0.11212962962962962 0.08021329365079366