3 0.21395502645502645 0.20736359126984127 0.09722222222222222 0.06453125
3 0.3244047619047619 0.29368799603174606 0.09325396825396826 0.06852430555555557
3 0.4312169312169312 0.4513244047619048 0.08862433862433862 0.06881944444444445
3 0.21643518518518517 0.5382688492063492 0.105489417989418 0.08149801587301587
3 0.32837301587301587 0.6186359126984128 0.08796296296296297 0.07358382936507936
3 0.3308531746031746 0.6970213293650793 0.08300264550264551 0.0716220238095238
3 0.2328042328042328 0.7759027777777778 0.10185185185185185 0.08057539682539683
5 0.09986772486772487 0.29368799603174606 0.12698412698412698 0.07844742063492063
5 0.1109457671957672 0.7797470238095239 0.09953703703703703 0.07090277777777777
0 0.10912698412698413 0.6133035714285715 0.11904761904761904 0.07035714285714285
1 0.09242724867724868 0.45393105158730157 0.14186507936507936 0.08147073412698413
4 0.3136574074074074 0.20290178571428572 0.11474867724867725 0.10521081349206349
9 0.6536044973544973 0.20935019841269842 0.10681216931216932 0.07842261904761905
8 0.8773148148148148 0.2877356150793651 0.12764550264550265 0.0963045634920635
12 0.8695436507936508 0.3728174603174603 0.09556878306878307 0.07301339285714285
12 0.6446759259259259 0.6955332341269841 0.09556878306878307 0.07856646825396825
7 0.544973544973545 0.622358630952381 0.09126984126984126 0.0760639880952381
11 0.6438492063492064 0.3748015873015873 0.09722222222222222 0.07698412698412697
10 0.7562830687830688 0.21220238095238095 0.083994708994709 0.06676587301587301
10 0.7476851851851852 0.28971726190476194 0.08002645502645503 0.06058531746031746
10 0.7523148148148148 0.3788938492063492 0.08928571428571429 0.06284474206349205
10 0.6481481481481481 0.53640625 0.0992063492063492 0.06537202380952381
10 0.5370370370370371 0.45157242063492065 0.07539682539682539 0.06435515873015873
10 0.7475198412698413 0.6151636904761905 0.08300264550264551 0.05671378968253968
10 0.7471891534391535 0.7742906746031746 0.10218253968253968 0.07983134920634921
12 0.6402116402116402 0.6951612103174603 0.09656084656084656 0.08526537698412699
9 0.6415343915343915 0.6176438492063493 0.08597883597883597 0.0616765873015873