5 0.08994708994708994 0.19831349206349208 0.12037037037037036 0.09851190476190476
0 0.09457671957671958 0.37318948412698416 0.1164021164021164 0.08616071428571428
1 0.08597883597883597 0.4552951388888889 0.1388888888888889 0.08668154761904762
4 0.09209656084656084 0.5417410714285714 0.14781746031746032 0.07852182539682541
0 0.09937169312169312 0.6208705357142857 0.12268518518518519 0.07308779761904761
2 0.10697751322751323 0.7016121031746032 0.11805555555555555 0.07832093253968254
5 0.10714285714285714 0.7881820436507936 0.11507936507936507 0.07784970238095237
3 0.21924603174603174 0.21083829365079365 0.09457671957671958 0.0714781746031746
3 0.3237433862433862 0.2935639880952381 0.09193121693121693 0.07075892857142857
3 0.22023809523809523 0.3782738095238095 0.08994708994708994 0.07400793650793651
3 0.2240410052910053 0.45566468253968256 0.08763227513227513 0.06013888888888889
3 0.22255291005291006 0.5469494047619048 0.08796296296296297 0.06413690476190477
3 0.33217592592592593 0.6206200396825398 0.08564814814814815 0.057708333333333334
3 0.33449074074074076 0.6985094246031746 0.08366402116402116 0.07459821428571428
3 0.23015873015873015 0.7787549603174603 0.09656084656084656 0.07883928571428571
9 0.6597222222222222 0.2130704365079365 0.10251322751322751 0.08090277777777778
9 0.6420304232804233 0.6206200396825398 0.09027777777777778 0.06763144841269841
7 0.5380291005291006 0.6247147817460317 0.09722222222222222 0.07333829365079365
11 0.6468253968253969 0.37790178571428573 0.09656084656084656 0.07078373015873016
8 0.875 0.4596354166666667 0.12962962962962962 0.07800099206349206
12 0.8754960317460317 0.20885416666666667 0.10747354497354497 0.07743055555555556
7 0.8551587301587301 0.6270709325396825 0.10317460317460317 0.09045386904761904
12 0.8665674603174603 0.7870659722222222 0.1359126984126984 0.09794146825396825
10 0.53505291005291 0.45777281746031745 0.08465608465608465 0.06187748015873016
10 0.7581018518518519 0.21282242063492063 0.07771164021164022 0.07544642857142857
10 0.7562830687830688 0.2931919642857143 0.083994708994709 0.06753224206349207
10 0.7572751322751323 0.38559275793650793 0.09259259259259259 0.081202876984127
10 0.7452050264550265 0.5442212301587303 0.08498677248677249 0.07356150793650794
10 0.7486772486772487 0.6201264880952381 0.08862433862433862 0.07656001984126984
10 0.7458664021164021 0.6988814484126984 0.08630952380952381 0.0679017857142857
10 0.7468584656084656 0.7768948412698413 0.09490740740740741 0.07263888888888889