4 0.42267526455026455 0.19570188492063492 0.11694775132275131 0.10958829365079366
1 0.09650132275132275 0.5362748015873017 0.1542228835978836 0.07824652777777778
0 0.11008597883597883 0.6100669642857143 0.12374338624338624 0.06955109126984127
8 0.8772123015873016 0.2802752976190476 0.14397156084656085 0.09180059523809524
11 0.10120370370370371 0.7835044642857143 0.15473214285714287 0.11205853174603174
3 0.23040013227513229 0.5319940476190477 0.09373677248677248 0.07192460317460317
3 0.5325297619047619 0.29072420634920637 0.0928373015873016 0.0680530753968254
3 0.7469642857142857 0.7657514880952382 0.08519841269841269 0.07068948412698413
7 0.1067691798941799 0.2910243055555556 0.11763888888888889 0.08105654761904761
10 0.7562929894179895 0.21061011904761903 0.1005489417989418 0.07399801587301588
10 0.431140873015873 0.3712624007936508 0.09508597883597884 0.07040426587301588
10 0.32880952380952383 0.529719742063492 0.08883267195767196 0.062415674603174605
10 0.5366765873015873 0.5262748015873016 0.08790343915343915 0.06792906746031746
10 0.7488955026455026 0.6136433531746032 0.09898148148148148 0.0715327380952381