4 0.09788359788359788 0.2792881944444444 0.15476190476190477 0.09916170634920635
1 0.10052910052910052 0.5346602182539683 0.1626984126984127 0.08197172619047619
0 0.11078042328042328 0.6123015873015873 0.12235449735449735 0.07053819444444445
3 0.5343915343915344 0.2887152777777778 0.08862433862433862 0.08030753968253969
3 0.7465277777777778 0.7638715277777778 0.08763227513227513 0.06891369047619048
3 0.23462301587301587 0.5350421626984126 0.09556878306878307 0.07008680555555555
11 0.10714285714285714 0.7808655753968253 0.1283068783068783 0.10042162698412697
8 0.875 0.28314732142857146 0.14285714285714285 0.09952876984126985
10 0.32506613756613756 0.3705828373015873 0.09457671957671958 0.0735094246031746
10 0.31960978835978837 0.52859375 0.08697089947089948 0.06710813492063492
10 0.5403439153439153 0.5310739087301587 0.09523809523809523 0.07206845238095237
10 0.7562830687830688 0.6171478174603175 0.09722222222222222 0.07060515873015873
10 0.6507936507936508 0.2897197420634921 0.10449735449735449 0.08043154761904762
10 0.5411706349206349 0.20935019841269842 0.09358465608465609 0.06849950396825397