10 0.7602149470899471 0.2147594246031746 0.09185515873015872 0.0748561507936508
10 0.7619444444444444 0.2986235119047619 0.09862433862433863 0.07145585317460318
10 0.7515740740740742 0.3784126984126984 0.09111441798941798 0.07478174603174603
10 0.5384292328042328 0.45791170634920636 0.10463955026455027 0.0775297619047619
10 0.6411673280423281 0.5338814484126985 0.09516203703703703 0.06329613095238096
10 0.7510747354497355 0.613045634920635 0.09341931216931217 0.07281498015873016
10 0.7519378306878307 0.7681423611111111 0.09514219576719576 0.07547123015873017
11 0.6445568783068784 0.3703769841269841 0.10525132275132275 0.0785515873015873
5 0.09533068783068782 0.19794890873015872 0.12452380952380952 0.08587549603174603
5 0.11881613756613757 0.7786135912698412 0.1218882275132275 0.0864905753968254
0 0.11124669312169314 0.6169122023809523 0.11336309523809524 0.07559275793650794
4 0.31449074074074074 0.20124751984126982 0.10979828042328041 0.09743303571428572
1 0.09984457671957672 0.4557043650793651 0.1401686507936508 0.0755952380952381
3 0.21330026455026455 0.20719990079365078 0.09260582010582011 0.07213789682539683
3 0.32714616402116403 0.29171626984126986 0.0954265873015873 0.07251984126984126
3 0.43693121693121695 0.45139136904761906 0.09013227513227513 0.06944940476190475
3 0.2311111111111111 0.5378323412698413 0.09515542328042328 0.06871775793650793
3 0.33281415343915344 0.6138343253968254 0.10345568783068784 0.07191468253968253
3 0.33191468253968254 0.6914657738095238 0.091739417989418 0.0734077380952381
3 0.234021164021164 0.776547619047619 0.10097552910052911 0.07987847222222222
9 0.6555456349206349 0.20366319444444445 0.09416335978835978 0.07250496031746032
9 0.6428736772486773 0.6165277777777778 0.0919675925925926 0.07234126984126985
7 0.5421792328042327 0.624546130952381 0.08568121693121694 0.07845982142857143
8 0.8773115079365079 0.28499255952380953 0.12763888888888889 0.09131448412698413
12 0.8756977513227514 0.3794097222222222 0.12110119047619047 0.08173363095238095
12 0.6432837301587302 0.6964236111111111 0.0960945767195767 0.08084325396825397