12 0.09722222222222222 0.19643849206349207 0.12962962962962962 0.10613343253968253
11 0.7726521164021164 0.18752232142857145 0.13326719576719576 0.09826140873015873
8 0.8796296296296297 0.2807886904761905 0.1388888888888889 0.08241319444444445
10 0.6479828042328042 0.28302083333333333 0.07572751322751323 0.0620734126984127
10 0.5360449735449735 0.5297098214285714 0.09325396825396826 0.07678075396825397
10 0.5347222222222222 0.6092113095238095 0.07738095238095238 0.06465029761904763
0 0.6438492063492064 0.3728174603174603 0.09722222222222222 0.08293650793650793
3 0.5367063492063492 0.2862450396825397 0.08134920634920635 0.07348462301587302
3 0.2243716931216931 0.5355381944444444 0.09490740740740741 0.07107886904761904
1 0.09656084656084656 0.5392609126984127 0.1335978835978836 0.08348214285714287
4 0.3287037037037037 0.5417410714285714 0.10846560846560846 0.08844246031746032