12 0.10168650793650794 0.1982986111111111 0.1306216931216931 0.09993055555555556
10 0.6459986772486772 0.2924479166666667 0.09821428571428571 0.08092757936507937
10 0.43716931216931215 0.6093353174603175 0.0873015873015873 0.07234126984126985
10 0.5388558201058201 0.5283457341269842 0.1087962962962963 0.07157242063492063
11 0.7658730158730159 0.1912450396825397 0.13624338624338625 0.10669394841269841
8 0.8834325396825397 0.27285466269841274 0.13657407407407407 0.10622271825396826
0 0.6481481481481481 0.3679811507936508 0.0992063492063492 0.08070188492063492
3 0.5266203703703703 0.29294394841269844 0.09093915343915344 0.07199900793650794
4 0.32572751322751325 0.5381448412698413 0.10912698412698413 0.09365079365079365
3 0.22470238095238096 0.5308258928571429 0.08895502645502645 0.0765327380952381
1 0.20436507936507936 0.6129315476190477 0.12433862433862433 0.08697668650793651