10 0.21941137566137567 0.2086061507936508 0.0916005291005291 0.07197172619047619
10 0.3298611111111111 0.524375 0.0744047619047619 0.06363343253968254
10 0.5372023809523809 0.5310739087301587 0.08564814814814815 0.07206845238095237
10 0.6428571428571429 0.29368799603174606 0.08862433862433862 0.07844742063492063
10 0.753968253968254 0.6131795634920635 0.08597883597883597 0.06266617063492064
8 0.87880291005291 0.2788070436507937 0.14054232804232805 0.09828621031746032
11 0.7648809523809523 0.7844618055555556 0.12764550264550265 0.10513640873015874
4 0.08912037037037036 0.36587053571428574 0.13525132275132276 0.07896577380952381
1 0.09424603174603174 0.5401289682539683 0.13558201058201058 0.0876984126984127
0 0.22420634920634921 0.7004935515873015 0.09788359788359788 0.07856894841269842
3 0.2222222222222222 0.5385143849206349 0.08068783068783068 0.06711061507936507
3 0.5370370370370371 0.28302083333333333 0.08862433862433862 0.07199404761904761