7 0.10896164021164022 0.2944320436507937 0.12202380952380952 0.07497519841269841
8 0.8746693121693122 0.28079117063492065 0.13558201058201058 0.09233382936507938
11 0.6468253968253969 0.37256944444444445 0.09656084656084656 0.07747767857142857
12 0.8586309523809523 0.4530605158730159 0.10681216931216932 0.06733382936507937
12 0.6459986772486772 0.6980133928571428 0.09821428571428571 0.08352926587301587
10 0.7541335978835979 0.2084796626984127 0.09623015873015874 0.06428323412698413
10 0.751818783068783 0.3765376984126984 0.09821428571428571 0.07549603174603174
10 0.6461640211640212 0.5314459325396825 0.09523809523809523 0.07529265873015872
10 0.43683862433862436 0.5308258928571429 0.09325396825396826 0.06661210317460317
10 0.748015873015873 0.6156597222222222 0.0873015873015873 0.06762896825396826
10 0.7506613756613757 0.7679637896825396 0.09259259259259259 0.06469742063492064
1 0.09837962962962964 0.45591517857142855 0.15376984126984128 0.08544146825396826
0 0.10830026455026455 0.616155753968254 0.10747354497354497 0.06862103174603175
5 0.1078042328042328 0.7818551587301588 0.1164021164021164 0.08256200396825396
4 0.6526124338624338 0.19694940476190476 0.11144179894179894 0.09330109126984126
3 0.43353174603174605 0.20637400793650795 0.08664021164021164 0.07246775793650793
3 0.4356812169312169 0.2923214285714286 0.08763227513227513 0.06331597222222222
3 0.4341931216931217 0.45244047619047617 0.08796296296296297 0.06857390873015873
3 0.2318121693121693 0.5412450396825397 0.09325396825396826 0.06760664682539681
3 0.33465608465608465 0.6925570436507936 0.09391534391534391 0.07261408730158729
3 0.2283399470899471 0.7747867063492063 0.10284391534391535 0.07090029761904762