5 0.09871031746031746 0.19681051587301587 0.12996031746031747 0.09298611111111112
1 0.09391534391534391 0.45219494047619047 0.14153439153439154 0.08295882936507937
0 0.10813492063492064 0.6200024801587302 0.12367724867724868 0.0787921626984127
5 0.11623677248677249 0.7741666666666667 0.12334656084656084 0.09198660714285714
4 0.5385251322751323 0.19372519841269842 0.10152116402116403 0.10173363095238096
3 0.21726190476190477 0.21282242063492063 0.10383597883597884 0.07544642857142857
3 0.32506613756613756 0.2872371031746032 0.09457671957671958 0.06554563492063491
3 0.4280753968253968 0.45343253968253966 0.07903439153439154 0.06063492063492063
3 0.22420634920634921 0.5396304563492064 0.09788359788359788 0.0668625992063492
3 0.33052248677248675 0.6133035714285715 0.07572751322751323 0.060434027777777774
3 0.330026455026455 0.6950372023809523 0.08465608465608465 0.06765376984126983
3 0.23148148148148148 0.7739186507936509 0.11243386243386243 0.07660714285714286
2 0.6420304232804233 0.693921130952381 0.103505291005291 0.07782242063492063
7 0.32242063492063494 0.20674603174603176 0.10251322751322751 0.07569196428571429
7 0.5398478835978836 0.6183903769841269 0.10416666666666667 0.07804811507936509
8 0.8644179894179894 0.4535590277777778 0.1349206349206349 0.07824652777777778
12 0.8584656084656085 0.6885887896825397 0.10978835978835978 0.0845188492063492
12 0.876818783068783 0.20476190476190476 0.11011904761904762 0.0816468253968254
9 0.6552579365079365 0.2133184523809524 0.103505291005291 0.07643849206349206
9 0.6438492063492064 0.6151636904761905 0.083994708994709 0.07656001984126984
11 0.6446759259259259 0.3761656746031746 0.1087962962962963 0.0921155753968254
10 0.7612433862433863 0.21071428571428572 0.0873015873015873 0.07371031746031746
10 0.7577711640211641 0.2961681547619048 0.08366402116402116 0.07348710317460318
10 0.7490079365079365 0.37641121031746033 0.08267195767195767 0.0578844246031746
10 0.6441798941798942 0.5342981150793651 0.09126984126984126 0.06363591269841269
10 0.5423280423280423 0.45851934523809523 0.0992063492063492 0.07824900793650794
10 0.7546296296296297 0.6159102182539682 0.0873015873015873 0.08300843253968254
10 0.746031746031746 0.7664756944444444 0.09656084656084656 0.07164186507936508