3 0.21010912698412698 0.20905257936507937 0.07586640211640211 0.06661954365079366
3 0.21414351851851854 0.2990550595238095 0.07855489417989418 0.06099702380952381
3 0.21548941798941798 0.3744246031746032 0.08662698412698412 0.05234126984126984
3 0.21939153439153442 0.46250992063492063 0.0809755291005291 0.04893849206349206
3 0.22086970899470898 0.5431299603174603 0.08662698412698412 0.05077876984126985
3 0.22719246031746032 0.6225396825396825 0.09120039682539684 0.05019593253968253
3 0.22490740740740742 0.7015128968253969 0.06779431216931217 0.05682043650793651
3 0.22086970899470898 0.7798115079365079 0.08662698412698412 0.0681423611111111
10 0.7548875661375662 0.21460069444444443 0.08393518518518518 0.06359623015873016
10 0.7591931216931218 0.29683531746031744 0.0710218253968254 0.06059275793650794
10 0.748968253968254 0.38027777777777777 0.07209986772486772 0.051939484126984126
10 0.7527347883597884 0.4622098214285715 0.0688723544973545 0.05438740079365079
10 0.743587962962963 0.5389930555555555 0.07209986772486772 0.052594246031746034
10 0.7559656084656085 0.6217311507936508 0.07532738095238095 0.05665426587301588
10 0.7473544973544973 0.6970734126984127 0.0688723544973545 0.06408234126984128
10 0.7551554232804233 0.7791071428571429 0.07909391534391534 0.0647123015873016
5 0.09267857142857143 0.20180307539682538 0.12348214285714286 0.09248015873015873
5 0.11003306878306879 0.7811111111111111 0.10169312169312168 0.07679067460317461
2 0.09093253968253968 0.29401041666666666 0.12267526455026456 0.07108630952380952
2 0.10559193121693122 0.6980977182539683 0.1062665343915344 0.07016617063492064
0 0.10128968253968254 0.38039434523809523 0.1084160052910053 0.05822668650793651
0 0.10545965608465609 0.620188492063492 0.10868716931216932 0.05962053571428571
1 0.09187169312169312 0.45908234126984127 0.13800925925925925 0.07032738095238095
4 0.08554894179894179 0.5446453373015874 0.14419973544973544 0.07196676587301588
12 0.8789087301587302 0.2111731150793651 0.0979265873015873 0.08498511904761906
12 0.8670734126984128 0.7906969246031746 0.10653439153439154 0.08183779761904762
9 0.8770271164021164 0.2932886904761905 0.09954034391534392 0.05955357142857143
9 0.8591369047619049 0.7113169642857143 0.10949404761904763 0.07440972222222222
7 0.8735284391534393 0.3797743055555556 0.0979265873015873 0.052948908730158735
7 0.856712962962963 0.630091765873016 0.0992691798941799 0.06732142857142857
8 0.8670734126984128 0.4604935515873016 0.12805555555555556 0.0691170634920635
11 0.8752777777777778 0.5440401785714286 0.14177579365079365 0.07479166666666667