10 0.3403174603174603 0.20416418650793652 0.07180886243386243 0.06510912698412698
10 0.6425033068783069 0.28906001984126983 0.0740410052910053 0.06262648809523809
10 0.3241501322751323 0.5255654761904762 0.06846560846560847 0.060615079365079365
10 0.5439318783068783 0.5330927579365079 0.07314814814814814 0.05894345238095238
10 0.7516666666666667 0.6099603174603175 0.08050925925925927 0.060471230158730155
3 0.22769841269841268 0.538779761904762 0.0740410052910053 0.05693700396825397
0 0.11340277777777778 0.6123859126984127 0.12421957671957672 0.07034226190476191
11 0.10203042328042329 0.7818501984126984 0.1416137566137566 0.11823660714285715
8 0.8738789682539683 0.2791939484126984 0.14652116402116402 0.09306795634920635
3 0.7521130952380952 0.7686309523809524 0.09032076719576719 0.06838293650793652
3 0.5332275132275133 0.28904761904761905 0.06958002645502645 0.0626016865079365
4 0.31511904761904763 0.36825892857142856 0.13291666666666666 0.08219742063492064
1 0.09868386243386244 0.534360119047619 0.14830357142857145 0.0765327380952381