3 0.4372156084656085 0.21118799603174604 0.0907010582010582 0.0925173611111111
3 0.22866732804232803 0.5311259920634921 0.09688822751322751 0.08011160714285714
3 0.5369708994708995 0.29006200396825393 0.09841269841269842 0.07417162698412698
3 0.32989748677248676 0.7605729166666667 0.09100859788359787 0.06529265873015873
1 0.1007936507936508 0.5318154761904762 0.14537367724867725 0.07900545634920635
4 0.6580588624338625 0.19336309523809522 0.09918650793650793 0.10646825396825396
7 0.10383597883597884 0.2909300595238095 0.12169642857142857 0.0808655753968254
11 0.10670304232804233 0.7877827380952381 0.14726521164021164 0.10731150793650794
10 0.32604828042328043 0.527983630952381 0.08331018518518518 0.06390376984126984
10 0.6470205026455026 0.530280257936508 0.09033730158730159 0.061054067460317454
10 0.7508895502645503 0.6124479166666666 0.08974537037037036 0.06914434523809525
10 0.7520072751322752 0.37656001984126986 0.09197751322751323 0.06859623015873015
10 0.6425132275132275 0.2929910714285714 0.08132275132275132 0.07010912698412698
10 0.7561044973544974 0.2092782738095238 0.0968617724867725 0.07629464285714285
10 0.642175925925926 0.7719518849206349 0.09057208994708994 0.07564980158730158
12 0.42711970899470897 0.6909002976190476 0.10027116402116402 0.07723958333333333
12 0.4297850529100529 0.4482043650793651 0.09237433862433862 0.07051587301587302
8 0.8784325396825398 0.2798536706349206 0.1298776455026455 0.0934375
0 0.11591269841269841 0.6167385912698413 0.12269841269841271 0.07772321428571428