7 0.11078042328042328 0.2877356150793651 0.12896825396825398 0.08638392857142857
10 0.32275132275132273 0.5335540674603174 0.09656084656084656 0.07703125
11 0.11541005291005291 0.7792534722222222 0.13822751322751323 0.11952132936507937
10 0.5295965608465608 0.5329340277777778 0.09027777777777778 0.06834821428571428
10 0.5358796296296297 0.3750496031746032 0.09623015873015874 0.07251736111111111
10 0.6458333333333334 0.29641617063492065 0.08796296296296297 0.07894345238095238
10 0.7503306878306878 0.20835565476190476 0.08531746031746032 0.05659226190476191
10 0.7457010582010583 0.6140476190476191 0.08928571428571429 0.06688492063492063
8 0.8814484126984127 0.280171130952381 0.14583333333333334 0.10349702380952382
3 0.5348875661375662 0.2924479166666667 0.08763227513227513 0.07100446428571429
4 0.4308862433862434 0.19446924603174603 0.12103174603174603 0.1081845238095238
3 0.2175925925925926 0.5357886904761905 0.08465608465608465 0.07653521825396825
1 0.09341931216931217 0.5343005952380953 0.15046296296296297 0.09340277777777778
0 0.1111111111111111 0.6173958333333334 0.10978835978835978 0.06614087301587301
3 0.6408730158730159 0.7687078373015873 0.09788359788359788 0.07114831349206349