7 0.10598544973544974 0.29195188492063495 0.12268518518518519 0.07993551587301588
12 0.4343584656084656 0.455047123015873 0.11144179894179894 0.08122519841269842
11 0.6448412698412699 0.37318948412698416 0.10582010582010581 0.0762375992063492
8 0.8784722222222222 0.2791790674603175 0.13326719576719576 0.09158978174603175
12 0.6484788359788359 0.6965277777777777 0.11970899470899471 0.09047371031746032
10 0.3323412698412698 0.5318179563492064 0.0958994708994709 0.06859623015873015
10 0.6501322751322751 0.29703621031746036 0.07671957671957672 0.07770337301587302
10 0.7589285714285714 0.21220238095238095 0.08928571428571429 0.07668650793650793
10 0.7496693121693122 0.37864583333333335 0.083994708994709 0.07723214285714285
10 0.6431878306878307 0.532437996031746 0.0958994708994709 0.06735615079365079
10 0.7514880952380952 0.6134275793650794 0.09093915343915344 0.068125
10 0.7473544973544973 0.7703199404761905 0.0992063492063492 0.07189236111111111
4 0.6545965608465608 0.19459325396825397 0.10218253968253968 0.09602926587301587
1 0.09722222222222222 0.5357886904761905 0.14814814814814814 0.08645833333333335
0 0.11243386243386243 0.614171626984127 0.12566137566137567 0.0745734126984127
5 0.11474867724867725 0.7808655753968253 0.11044973544973545 0.09049851190476191
3 0.43005952380952384 0.20475942460317462 0.08300264550264551 0.07172371031746032
3 0.42824074074074076 0.2925719246031746 0.08928571428571429 0.06877232142857144
3 0.22685185185185186 0.5372743055555556 0.08994708994708994 0.05966765873015873
3 0.2240410052910053 0.7721800595238095 0.08763227513227513 0.06817212301587301
3 0.33134920634920634 0.6931770833333333 0.0873015873015873 0.07137400793650793