4 0.539616402116402 0.19814732142857142 0.10700727513227512 0.10859375
1 0.09858134920634921 0.45649057539682536 0.1442493386243386 0.08212549603174603
0 0.10627314814814814 0.6185416666666667 0.11002976190476191 0.07637152777777778
5 0.11662037037037037 0.7806622023809524 0.12741732804232805 0.08562748015873016
5 0.09043320105820107 0.19736607142857143 0.12133928571428572 0.08719246031746032
2 0.6377116402116403 0.696155753968254 0.09156084656084656 0.07286954365079365
3 0.21629629629629632 0.21089285714285716 0.09198412698412699 0.0696031746031746
3 0.3310218253968254 0.29519593253968257 0.09987103174603175 0.06956101190476191
3 0.43655423280423283 0.4561334325396826 0.08606812169312168 0.06901289682539682
3 0.22862433862433862 0.5388144841269841 0.10340939153439153 0.07564484126984126
3 0.33186838624338627 0.6157539682539682 0.09826388888888889 0.07079613095238095
3 0.33541997354497355 0.6976488095238096 0.08882605820105821 0.06841269841269841
3 0.2353637566137566 0.7802108134920634 0.10035714285714287 0.07976686507936508
7 0.3266203703703704 0.21135912698412698 0.10429563492063491 0.08045386904761904
7 0.5423544973544974 0.6204960317460317 0.09595238095238096 0.07283482142857144
9 0.6500396825396826 0.6146304563492063 0.09307208994708994 0.0660689484126984
9 0.658667328042328 0.20917410714285714 0.09378637566137567 0.0835267857142857
5 0.8802546296296296 0.20667906746031747 0.12030092592592594 0.08845734126984127
5 0.8539484126984127 0.6924900793650793 0.11067791005291006 0.08041666666666666
8 0.8650033068783068 0.4525049603174603 0.13278439153439153 0.07415674603174603
11 0.6418915343915343 0.37375248015873014 0.10984457671957673 0.07401785714285715
10 0.7596527777777778 0.20886656746031745 0.09073412698412699 0.07547123015873017
10 0.5399966931216932 0.45312996031746033 0.09123677248677248 0.06548611111111112
10 0.647420634920635 0.531359126984127 0.09444775132275132 0.0706547619047619
10 0.7539384920634921 0.2918253968253969 0.08591931216931217 0.06777777777777777
10 0.7499636243386243 0.37299355158730163 0.08789021164021163 0.07138144841269842
10 0.7501421957671958 0.6125595238095238 0.0882473544973545 0.0668874007936508
10 0.745628306878307 0.7715550595238095 0.09244378306878308 0.0748561507936508