1 0.09738756613756613 0.5361607142857143 0.14517195767195767 0.08968253968253968
4 0.09441137566137567 0.28525545634920635 0.14583333333333334 0.09134424603174604
0 0.10449735449735449 0.6134275793650794 0.13624338624338625 0.05820188492063492
3 0.5370370370370371 0.28537698412698415 0.08862433862433862 0.069265873015873
3 0.2243716931216931 0.5366567460317461 0.09490740740740741 0.08075148809523809
3 0.75 0.7654836309523809 0.09126984126984126 0.07958085317460317
8 0.8776455026455027 0.27979910714285716 0.1349206349206349 0.09034970238095238
11 0.1109457671957672 0.7823536706349206 0.13921957671957672 0.11332093253968255
10 0.42857142857142855 0.21108630952380952 0.09656084656084656 0.0769345238095238
10 0.32787698412698413 0.36835069444444446 0.08366402116402116 0.06408234126984128
10 0.32787698412698413 0.5228869047619048 0.08366402116402116 0.06065724206349206
10 0.544808201058201 0.5311979166666666 0.09424603174603174 0.0797594246031746
10 0.6458333333333334 0.2921999007936508 0.08796296296296297 0.07547123015873017
10 0.7534722222222222 0.6150396825396826 0.09490740740740741 0.06886904761904762