7 0.09666666666666666 0.28711309523809525 0.11397156084656083 0.07819196428571427
11 0.10404761904761904 0.7802752976190477 0.13534391534391532 0.11214037698412697
12 0.4272189153439154 0.44916666666666666 0.09055224867724868 0.06748263888888888
12 0.42423611111111115 0.6884201388888889 0.08789021164021163 0.07723958333333333
8 0.8813756613756615 0.28178075396825397 0.12584986772486773 0.0948139880952381
10 0.6403174603174603 0.28905505952380955 0.09677248677248677 0.0647172619047619
10 0.3286276455026455 0.5302132936507937 0.10169973544973546 0.05844246031746032
10 0.6506746031746032 0.5340823412698413 0.110869708994709 0.08354166666666667
10 0.756848544973545 0.6114657738095237 0.091739417989418 0.06469742063492064
10 0.7463822751322751 0.7664955357142857 0.09064814814814814 0.07217757936507936
10 0.7546726190476191 0.20965525793650794 0.09400132275132275 0.07704861111111112
10 0.7509556878306878 0.37379464285714287 0.09318121693121692 0.07050595238095238
3 0.5354265873015873 0.29131200396825396 0.09863095238095237 0.07419146825396825
3 0.4307208994708995 0.19848214285714286 0.10085978835978836 0.07454613095238095
3 0.22439814814814815 0.5324751984126984 0.09165674603174603 0.06296874999999999
3 0.22863425925925926 0.7727852182539682 0.1034292328042328 0.07979662698412698
0 0.11143518518518519 0.6163665674603175 0.11705026455026454 0.08193700396825397
1 0.09464285714285714 0.529000496031746 0.14298941798941797 0.07833829365079366
4 0.6494808201058201 0.19264632936507936 0.1084887566137566 0.09759424603174603