1 0.0927149470899471 0.45581845238095237 0.14343584656084657 0.07040426587301588
4 0.0848015873015873 0.5480233134920636 0.14375992063492063 0.06824900793650794
0 0.09950066137566137 0.6208407738095238 0.1376223544973545 0.056398809523809525
0 0.3346825396825397 0.209734623015873 0.1427910052910053 0.07978174603174604
3 0.33125 0.29187003968253966 0.08757275132275132 0.05831349206349207
3 0.43135582010582013 0.45191964285714287 0.07159391534391535 0.05412946428571429
3 0.2237070105820106 0.541326884920635 0.07457010582010581 0.04730654761904762
3 0.3251421957671958 0.6210491071428572 0.07221891534391534 0.055186011904761904
3 0.33070436507936507 0.695828373015873 0.07864087301587301 0.05787698412698413
3 0.2191633597883598 0.7779092261904762 0.08741402116402115 0.07047371031746032
2 0.3340707671957672 0.7791418650793651 0.09321097883597884 0.07176587301587302
9 0.6555324074074074 0.20728174603174604 0.08443783068783069 0.07242311507936508
11 0.6443320105820106 0.374546130952381 0.10120039682539682 0.08149801587301587
8 0.867800925925926 0.45151537698412697 0.1330026455026455 0.06859375
9 0.6503604497354497 0.6212822420634921 0.09289682539682541 0.06740079365079364
7 0.5476719576719578 0.6256795634920634 0.09274140211640211 0.06327132936507937
12 0.8808035714285715 0.20780753968253968 0.10574404761904761 0.07935019841269841
10 0.7579861111111111 0.21003968253968253 0.06689153439153439 0.06266369047619047
10 0.7597883597883598 0.294469246031746 0.09712632275132274 0.051760912698412695
10 0.7575925925925926 0.3793030753968254 0.07394179894179893 0.05693948412698413
10 0.5387433862433862 0.45778273809523806 0.07174933862433862 0.044707341269841265
10 0.6523214285714285 0.5306200396825397 0.06391534391534391 0.05409474206349207
10 0.7521097883597884 0.6230853174603175 0.06610780423280423 0.0580828373015873
10 0.7522685185185186 0.6958829365079365 0.08208994708994709 0.054461805555555555
10 0.7481944444444444 0.7756125992063492 0.07394179894179893 0.05765625
12 0.8713260582010581 0.7888343253968254 0.11341931216931217 0.0876264880952381
7 0.8607539682539683 0.6191493055555555 0.11577050264550263 0.08193452380952382
3 0.2164186507936508 0.2076016865079365 0.08835648148148148 0.061780753968253964
5 0.09545634920634921 0.19823412698412698 0.11991071428571429 0.0884077380952381
5 0.10676256613756614 0.7840476190476191 0.12674933862433863 0.09246775793650794