12 0.10582010582010581 0.19991071428571427 0.12566137566137567 0.08926339285714287
4 0.3220899470899471 0.37095734126984126 0.12169312169312169 0.07673363095238095
3 0.226521164021164 0.5295758928571429 0.10251322751322751 0.06981894841269841
1 0.21643518518518517 0.616282242063492 0.13194444444444445 0.0862326388888889
10 0.43187830687830686 0.610203373015873 0.08994708994708994 0.0666344246031746
10 0.5406746031746031 0.5253695436507937 0.10251322751322751 0.06561755952380952
10 0.6504629629629629 0.29269593253968257 0.083994708994709 0.06654017857142858
11 0.7666997354497355 0.19694940476190476 0.12136243386243387 0.11314484126984127
8 0.878968253968254 0.27843501984126984 0.12433862433862433 0.09506200396825397
3 0.531415343915344 0.2847569444444445 0.09722222222222222 0.07050595238095238
0 0.6494708994708994 0.37256944444444445 0.10185185185185185 0.07747767857142857