5 0.09187830687830686 0.19743055555555555 0.1403174603174603 0.09373263888888889
5 0.11118716931216932 0.776907242063492 0.10663359788359787 0.08308035714285715
0 0.10698743386243385 0.6165500992063492 0.11145833333333334 0.07982638888888889
1 0.09970238095238096 0.45262896825396826 0.14649801587301586 0.07688492063492064
4 0.5350727513227513 0.19683035714285715 0.10122685185185186 0.1109250992063492
2 0.6426058201058201 0.6943501984126984 0.09804232804232804 0.07669642857142857
3 0.21848214285714287 0.210203373015873 0.09305224867724868 0.07070436507936508
3 0.3285119047619047 0.29498263888888887 0.08824074074074073 0.07160962301587302
3 0.4348544973544973 0.454171626984127 0.08267195767195767 0.06508928571428571
3 0.22467261904761904 0.5387202380952381 0.10212632275132275 0.06801587301587302
3 0.33469907407407407 0.6143377976190477 0.09400132275132275 0.06796130952380952
3 0.3315873015873016 0.6945634920634921 0.09439484126984127 0.07216269841269841
3 0.22929894179894178 0.7741592261904762 0.09814814814814815 0.07510168650793651
7 0.3258763227513228 0.2087624007936508 0.09619708994708993 0.08518353174603174
7 0.5398743386243386 0.6179489087301587 0.0876851851851852 0.07518353174603175
11 0.6446560846560847 0.3752405753968254 0.10545304232804233 0.08083829365079365
8 0.8802876984126984 0.2849975198412698 0.14351190476190476 0.09876488095238097
12 0.8726521164021165 0.37867807539682535 0.11831679894179895 0.08275049603174603
12 0.8524074074074074 0.6929464285714286 0.10758928571428572 0.07885168650793652
9 0.6499404761904762 0.6161036706349207 0.1060978835978836 0.07397321428571428
9 0.6516005291005291 0.20453125 0.1028042328042328 0.08168154761904761
10 0.7583101851851852 0.21079365079365078 0.07813161375661376 0.07436507936507936
10 0.5344708994708994 0.45312251984126983 0.09671957671957672 0.0679513888888889
10 0.6485912698412698 0.5341145833333334 0.0967857142857143 0.06872767857142857
10 0.7541567460317461 0.6136086309523809 0.08304563492063492 0.06402281746031746
10 0.7474900793650793 0.7719890873015872 0.0829431216931217 0.07076140873015874
10 0.7496626984126984 0.37404017857142857 0.08728835978835978 0.07347470238095238
10 0.7537136243386243 0.2951264880952381 0.09869708994708994 0.07189980158730158