5 0.09368055555555556 0.20313244047619047 0.11488756613756615 0.09101190476190475
5 0.10795965608465609 0.78578125 0.11361111111111111 0.08451140873015874
2 0.1097718253968254 0.7011979166666666 0.11510251322751322 0.07201636904761904
2 0.32654761904761903 0.21361359126984125 0.09250661375661376 0.07521081349206349
3 0.21549603174603174 0.21569196428571427 0.07929232804232804 0.06977430555555555
3 0.323776455026455 0.2943551587301587 0.0741765873015873 0.05444940476190476
3 0.2213558201058201 0.3749404761904762 0.07609457671957673 0.05575148809523809
3 0.21688161375661377 0.46028273809523806 0.07993055555555556 0.06018353174603174
3 0.22402116402116404 0.5440401785714286 0.07929232804232804 0.055044642857142854
3 0.21858796296296296 0.6175892857142857 0.08334325396825397 0.05506696428571429
3 0.2206117724867725 0.6965724206349206 0.0724702380952381 0.06596230158730158
3 0.2233829365079365 0.7820337301587301 0.07375000000000001 0.06902529761904762
0 0.09932870370370371 0.6205456349206349 0.11552910052910054 0.05938492063492064
0 0.09932870370370371 0.3809672619047619 0.10700066137566137 0.06781001984126984
1 0.09165343915343917 0.4583531746031746 0.14281084656084655 0.06271825396825396
4 0.08877645502645502 0.5393377976190477 0.1519775132275132 0.07601190476190477
9 0.6608763227513228 0.21120535714285715 0.0854728835978836 0.08637896825396825
9 0.6452083333333333 0.6236780753968254 0.09463955026455026 0.07363839285714287
12 0.8764781746031746 0.2078472222222222 0.10956018518518519 0.082859623015873
12 0.8673115079365079 0.7848338293650793 0.11254298941798942 0.08901289682539681
10 0.7555125661375661 0.21470982142857145 0.07012566137566138 0.06780753968253968
10 0.7590310846560846 0.2978497023809524 0.0750297619047619 0.0550421626984127
10 0.7485879629629629 0.3819518849206349 0.08398148148148149 0.056986607142857144
10 0.5312797619047619 0.45781746031746035 0.07353835978835979 0.04725446428571429
10 0.743151455026455 0.5401240079365079 0.07097883597883597 0.06159722222222223
10 0.7485879629629629 0.6210267857142857 0.07545634920634921 0.0571453373015873
10 0.7492261904761904 0.6955332341269841 0.0724702380952381 0.06548115079365079
10 0.7493320105820106 0.7789955357142857 0.07908068783068782 0.059751984126984126
7 0.872853835978836 0.38193948412698414 0.10657407407407407 0.06975198412698413
7 0.8544146825396826 0.6262227182539682 0.10593584656084656 0.07233630952380952
8 0.8690178571428571 0.4614831349206349 0.13300595238095236 0.0769717261904762
11 0.8715740740740741 0.5428670634920635 0.13812169312169312 0.0766765873015873