3 0.22073412698412698 0.2068576388888889 0.10416666666666667 0.0753720238095238
3 0.33217592592592593 0.2941840277777778 0.09887566137566138 0.06951884920634921
3 0.4308862433862434 0.4539285714285714 0.09457671957671958 0.07155009920634921
3 0.226521164021164 0.5382688492063492 0.0958994708994709 0.07157490079365078
3 0.3316798941798942 0.6146676587301587 0.09457671957671958 0.06564484126984127
3 0.3323412698412698 0.6926810515873015 0.0958994708994709 0.07038194444444444
3 0.22916666666666666 0.7723065476190476 0.10119047619047619 0.07586061507936508
1 0.09953703703703703 0.45244295634920634 0.14616402116402116 0.07849454365079366
0 0.10730820105820106 0.6116914682539683 0.12533068783068782 0.07953373015873016
5 0.11425264550264551 0.7778893849206349 0.13260582010582012 0.09446676587301588
4 0.6526124338624338 0.1974454365079365 0.09821428571428571 0.09429315476190477
7 0.11425264550264551 0.29306795634920635 0.11937830687830688 0.07968750000000001
11 0.6461640211640212 0.36934275793650795 0.09523809523809523 0.07598958333333333
8 0.8783068783068783 0.2872395833333334 0.13624338624338625 0.09531250000000001
12 0.873181216931217 0.3755456349206349 0.10945767195767196 0.07351190476190475
12 0.6438492063492064 0.7029761904761905 0.09722222222222222 0.08353174603174604
9 0.6440145502645502 0.6191319444444445 0.09424603174603174 0.07457589285714286
10 0.5403439153439153 0.45529265873015873 0.082010582010582 0.06683779761904762
10 0.6473214285714286 0.30088045634920635 0.08763227513227513 0.06803075396825398
10 0.7554563492063492 0.20785962301587302 0.08564814814814815 0.06552331349206349
10 0.7526455026455027 0.3755456349206349 0.08333333333333333 0.07351190476190475
10 0.6458333333333334 0.5318179563492064 0.08796296296296297 0.06859623015873015
10 0.7551256613756614 0.6176438492063493 0.07837301587301587 0.0616765873015873
10 0.7491732804232805 0.7704439484126984 0.0796957671957672 0.06966021825396826