5 0.09622023809523811 0.20306051587301588 0.1296064814814815 0.09362103174603174
5 0.11535383597883597 0.7800768849206349 0.11827380952380953 0.08694196428571428
1 0.09646825396825398 0.4572569444444445 0.14994708994708994 0.07622023809523809
4 0.09193121693121693 0.5415972222222222 0.1541005291005291 0.07625
0 0.10270502645502645 0.6206820436507937 0.11281415343915344 0.07072916666666666
2 0.4332638888888889 0.617264384920635 0.09932870370370371 0.0713343253968254
3 0.22115740740740739 0.21442460317460316 0.10501322751322752 0.0791468253968254
3 0.32801256613756613 0.2965798611111111 0.10047288359788359 0.07728670634920635
3 0.2218452380952381 0.5423933531746031 0.1030820105820106 0.06792410714285714
3 0.43369708994708994 0.4570213293650794 0.09358796296296296 0.07079117063492063
3 0.3299437830687831 0.6193799603174603 0.09772156084656085 0.06812748015873016
3 0.3318320105820106 0.6979191468253969 0.10149140211640212 0.0714360119047619
3 0.23009920634920636 0.7758804563492063 0.09974867724867724 0.07854662698412698
7 0.3240839947089947 0.21315972222222224 0.10253306878306878 0.08157986111111111
7 0.5410912698412699 0.6218477182539682 0.09673280423280423 0.07801835317460318
10 0.5369212962962964 0.45593253968253966 0.09500661375661376 0.07109126984126984
10 0.7496296296296296 0.21266121031746033 0.09383928571428571 0.07562003968253968
10 0.7546626984126984 0.2978100198412698 0.09728835978835979 0.07478670634920635
10 0.7510482804232804 0.3765079365079365 0.09336640211640211 0.07593005952380952
10 0.6478306878306879 0.5356398809523809 0.09196097883597883 0.07177331349206349
10 0.755218253968254 0.6206671626984127 0.0983994708994709 0.07813988095238095
10 0.7497817460317461 0.7001488095238095 0.10075727513227513 0.07341269841269842
10 0.7495601851851852 0.775890376984127 0.11023148148148147 0.07112599206349206
12 0.8708035714285715 0.7845337301587301 0.11131613756613756 0.09337301587301587
9 0.6480588624338625 0.21034474206349207 0.1056382275132275 0.08834573412698413
9 0.6471957671957672 0.6185639880952382 0.09399470899470899 0.07145585317460318
11 0.6457903439153438 0.37289186507936506 0.09779761904761905 0.08109871031746033
12 0.8738492063492064 0.21029513888888887 0.11740740740740742 0.08576884920634921
8 0.8670601851851851 0.45675347222222223 0.12697751322751324 0.08017361111111111