4 0.31348544973544973 0.20239335317460316 0.11135582010582011 0.09574404761904762
3 0.21274470899470901 0.20881200396825395 0.08752314814814816 0.06470734126984126
3 0.32669973544973546 0.2884399801587302 0.0727910052910053 0.05498015873015873
3 0.4338293650793651 0.453546626984127 0.06824404761904762 0.0472296626984127
3 0.22877645502645505 0.5411954365079364 0.07625992063492064 0.04867063492063492
3 0.32583333333333336 0.6164360119047618 0.0623941798941799 0.04641865079365079
3 0.32886574074074076 0.6932217261904763 0.07712632275132275 0.06187996031746032
3 0.2261772486772487 0.7772941468253969 0.0797255291005291 0.06916914682539682
5 0.09434854497354497 0.2902529761904762 0.11287037037037037 0.0748561507936508
5 0.10875661375661376 0.7816021825396826 0.1135218253968254 0.08265873015873015
1 0.09738095238095239 0.45590277777777777 0.13626984126984126 0.06981894841269841
0 0.10637235449735451 0.6123040674603174 0.10442129629629629 0.06252976190476191
9 0.654265873015873 0.20336805555555557 0.08665674603174603 0.07169394841269841
9 0.6486342592592592 0.6174107142857143 0.08405753968253968 0.06786954365079365
10 0.7570634920634921 0.20759176587301587 0.07344246031746032 0.06714533730158731
10 0.6508002645502645 0.29623759920634923 0.07105820105820106 0.05108382936507937
10 0.7508895502645503 0.3760292658730159 0.07192460317460317 0.05143105158730159
10 0.5372784391534392 0.45517113095238093 0.06932539682539682 0.05048115079365079
10 0.6571891534391534 0.5288690476190476 0.08600859788359788 0.05001488095238095
10 0.7558730158730159 0.6152281746031746 0.0775595238095238 0.05537946428571428
10 0.749047619047619 0.7746949404761905 0.07907407407407407 0.06396825396825397
7 0.5395535714285714 0.6256994047619048 0.08037367724867725 0.06819692460317461
12 0.6482010582010582 0.7019047619047619 0.08145833333333334 0.07437003968253969
12 0.873941798941799 0.3817881944444444 0.12738756613756613 0.0645734126984127
11 0.6416997354497355 0.3708184523809524 0.10485449735449735 0.07350694444444444
8 0.8695006613756613 0.2843675595238095 0.12933531746031746 0.08908234126984127