10 0.7539318783068782 0.20450644841269844 0.08051587301587301 0.06544394841269842
10 0.647797619047619 0.2975049603174603 0.0756382275132275 0.05700644841269841
10 0.7484424603174603 0.3756299603174603 0.0817361111111111 0.06000496031746032
10 0.7501223544973544 0.6142435515873016 0.07594246031746033 0.05687251984126984
10 0.6496263227513228 0.5270808531746032 0.06709656084656085 0.05181299603174603
10 0.747986111111111 0.7734747023809524 0.07777116402116402 0.07339285714285715
10 0.32374669312169313 0.5310838293650794 0.07716269841269842 0.06211061507936508
3 0.22249007936507934 0.5403497023809524 0.06984126984126984 0.060054563492063485
3 0.3324371693121693 0.6959176587301588 0.06709656084656085 0.06009920634920635
3 0.22157407407407406 0.7771329365079366 0.07411375661375662 0.062410714285714285
3 0.5294609788359788 0.2920486111111111 0.07075727513227513 0.06439484126984127
3 0.43278108465608467 0.20659970238095238 0.0786871693121693 0.0650545634920635
7 0.10247685185185185 0.29101934523809525 0.11955687830687832 0.08292410714285715
12 0.4300363756613757 0.450359623015873 0.07929563492063492 0.060781249999999995
8 0.8669312169312169 0.2799231150793651 0.13267195767195766 0.08131944444444444
12 0.6397156084656085 0.697750496031746 0.0869212962962963 0.08206349206349206
1 0.09119047619047618 0.5382911706349206 0.13968584656084657 0.07881200396825397
0 0.10384920634920636 0.6167609126984127 0.10705026455026456 0.06648065476190476
5 0.11360780423280424 0.7795386904761904 0.10217261904761905 0.09238095238095238
4 0.6429166666666667 0.19892113095238095 0.10247685185185185 0.10230902777777777