7 0.10631613756613757 0.29294394841269844 0.12996031746031747 0.08191964285714286
11 0.1076388888888889 0.7838417658730158 0.14583333333333334 0.1063764880952381
12 0.43386243386243384 0.45492311507936506 0.09391534391534391 0.0735342261904762
8 0.8774801587301587 0.28513144841269844 0.12466931216931217 0.09357638888888889
12 0.6459986772486772 0.6947891865079365 0.09821428571428571 0.08203869047619047
10 0.749834656084656 0.20761160714285715 0.09424603174603174 0.060066964285714286
10 0.6536044973544973 0.29530009920634925 0.08035714285714286 0.06927083333333334
10 0.75 0.373187003968254 0.09126984126984126 0.06631696428571428
10 0.642526455026455 0.5298338293650794 0.09457671957671958 0.06462797619047618
10 0.7542989417989417 0.6129315476190477 0.09325396825396826 0.06713293650793652
10 0.7547949735449735 0.7682118055555555 0.08432539682539683 0.07015625
10 0.32936507936507936 0.530453869047619 0.08333333333333333 0.06338789682539683
4 0.6519510582010583 0.19620535714285714 0.11011904761904762 0.10669642857142857
1 0.09457671957671958 0.5360367063492064 0.14285714285714285 0.09191468253968255
3 0.4310515873015873 0.2024032738095238 0.0916005291005291 0.06452876984126985
3 0.5353835978835979 0.2893452380952381 0.09193121693121693 0.06728422619047619
3 0.22685185185185186 0.5365302579365079 0.08994708994708994 0.07306299603174603
3 0.3373015873015873 0.6950372023809523 0.08597883597883597 0.06765376984126983
3 0.23247354497354497 0.769079861111111 0.1078042328042328 0.07437251984126984
0 0.10962301587301587 0.6136755952380952 0.13657407407407407 0.06366071428571429