4 0.09174272486772488 0.3788839285714286 0.1480324074074074 0.08431299603174602
1 0.10093915343915344 0.5378670634920635 0.14204695767195769 0.08151041666666665
0 0.10958333333333334 0.6154960317460317 0.11057870370370369 0.06058779761904762
11 0.104375 0.7803968253968254 0.13340608465608467 0.10452132936507937
3 0.22758597883597884 0.542437996031746 0.06958333333333333 0.05242063492063492
3 0.5291898148148149 0.28532242063492064 0.0655952380952381 0.06671626984126984
10 0.4352314814814815 0.21035218253968255 0.07268518518518519 0.059712301587301585
10 0.3199966931216931 0.37524801587301587 0.07268518518518519 0.050451388888888886
10 0.3264219576719577 0.5281795634920635 0.08110780423280424 0.06379464285714287
10 0.5398280423280424 0.5374627976190477 0.06914021164021164 0.06241815476190476
10 0.7593253968253968 0.611185515873016 0.08044312169312169 0.05861855158730159
10 0.6411011904761905 0.29223214285714283 0.0722420634920635 0.06225446428571428
8 0.8674669312169312 0.2791840277777778 0.1460383597883598 0.09100694444444445
3 0.7544510582010582 0.7723065476190476 0.08841931216931216 0.07006200396825397