5 0.10003306878306878 0.20462301587301587 0.12731481481481483 0.09471974206349207
3 0.20750661375661375 0.21566220238095238 0.10416666666666667 0.0850421626984127
3 0.3192791005291005 0.298266369047619 0.07903439153439154 0.07360863095238096
1 0.09490740740740741 0.455406746031746 0.16732804232804233 0.07430555555555556
4 0.0958994708994709 0.5447073412698413 0.1455026455026455 0.07427827380952381
3 0.2222222222222222 0.5346701388888889 0.08068783068783068 0.07678323412698412
3 0.4212962962962963 0.4557886904761905 0.082010582010582 0.06782986111111111
0 0.10714285714285714 0.6218625992063492 0.11507936507936507 0.0750719246031746
3 0.328042328042328 0.6154117063492064 0.08068783068783068 0.062172619047619046
3 0.3308531746031746 0.6910664682539683 0.08300264550264551 0.05971478174603175
3 0.2294973544973545 0.7744146825396826 0.09523809523809523 0.08751984126984128
2 0.3330026455026455 0.7752827380952381 0.09722222222222222 0.09173859126984127
5 0.11144179894179894 0.7760292658730158 0.10383597883597884 0.09818700396825396
7 0.32258597883597884 0.21195436507936508 0.09953703703703703 0.08115079365079365
10 0.544973544973545 0.4578993055555556 0.09126984126984126 0.06956597222222223
10 0.6416997354497355 0.5343005952380953 0.09623015873015874 0.0834796626984127
7 0.5367063492063492 0.6217385912698412 0.09457671957671958 0.08722718253968254
9 0.6372354497354498 0.6146676587301587 0.09722222222222222 0.0755654761904762
10 0.7455357142857143 0.6164037698412699 0.09226190476190477 0.06415674603174604
10 0.7466931216931217 0.6915649801587301 0.08465608465608465 0.07062748015873016
10 0.7504960317460317 0.7734201388888888 0.09556878306878307 0.06569196428571429
10 0.7531415343915344 0.37901785714285713 0.10085978835978836 0.07053571428571428
10 0.7546296296296297 0.29914434523809524 0.10052910052910052 0.06951884920634921
10 0.7544642857142857 0.21083829365079365 0.09027777777777778 0.08139880952380953
11 0.6461640211640212 0.3710813492063492 0.09523809523809523 0.08442460317460317
9 0.6491402116402116 0.21418650793650795 0.09457671957671958 0.07073412698412698
12 0.8703703703703703 0.21059275793650795 0.1335978835978836 0.09578621031746032
8 0.8697089947089947 0.45727926587301587 0.13227513227513227 0.09064980158730158
12 0.8758267195767195 0.7878100198412697 0.12797619047619047 0.10439236111111112