7 0.10091931216931217 0.2937574404761905 0.10924272486772488 0.07660466269841269
12 0.4344907407407408 0.45426339285714284 0.0951686507936508 0.07023313492063492
12 0.641848544973545 0.6987896825396825 0.0998313492063492 0.07317460317460318
11 0.642691798941799 0.37110119047619045 0.10151785714285715 0.07503968253968255
8 0.8747056878306879 0.2875446428571429 0.1257308201058201 0.09889632936507936
10 0.3230753968253968 0.5280654761904762 0.0972089947089947 0.06654761904761905
10 0.6446825396825396 0.5313839285714286 0.1021957671957672 0.07318452380952381
10 0.752936507936508 0.6153100198412698 0.09383267195767196 0.07982638888888889
10 0.7479232804232804 0.7729389880952381 0.10034391534391535 0.06770585317460318
10 0.7548313492063492 0.37447172619047614 0.09431547619047619 0.0718625992063492
10 0.6420238095238096 0.2971750992063492 0.09688161375661376 0.06855902777777778
10 0.7562830687830688 0.21107638888888888 0.11044973544973545 0.07741319444444444
4 0.6467592592592593 0.19241815476190477 0.11957671957671959 0.10457837301587303
1 0.09311507936507936 0.5371106150793651 0.13993386243386244 0.07719990079365079
0 0.09862764550264551 0.616969246031746 0.11458333333333333 0.06578125
5 0.11061507936507936 0.7781646825396825 0.11541005291005291 0.08063492063492064
3 0.2182903439153439 0.5358928571428571 0.0761276455026455 0.059883432539682535
3 0.33118055555555553 0.6962872023809523 0.0869675925925926 0.0632093253968254
3 0.2232804232804233 0.7752752976190476 0.09933531746031746 0.08725694444444444
3 0.4339087301587302 0.2076140873015873 0.09731481481481481 0.07544642857142857
3 0.5324537037037037 0.2946924603174603 0.089375 0.06359375