7 0.11011243386243387 0.2941393849206349 0.11771164021164021 0.07736359126984127
11 0.10373015873015873 0.7880977182539682 0.13470899470899472 0.10297867063492062
10 0.32924603174603173 0.5300248015873016 0.10624669312169313 0.06319940476190476
10 0.6464417989417989 0.2944494047619048 0.09910383597883597 0.06806299603174604
10 0.7522982804232804 0.37579613095238096 0.09586640211640211 0.06955109126984127
10 0.7529298941798942 0.21198164682539683 0.09051256613756613 0.06929811507936509
10 0.6505588624338624 0.5375496031746032 0.1007175925925926 0.0755952380952381
10 0.7534854497354497 0.6188938492063493 0.10485780423280422 0.0696329365079365
10 0.7476488095238095 0.772467757936508 0.09979497354497353 0.06924107142857143
8 0.870922619047619 0.2883184523809524 0.13800925925925925 0.09052579365079365
12 0.6449801587301588 0.6978125 0.1094047619047619 0.08858382936507937
12 0.4270271164021164 0.45401785714285714 0.10669973544973546 0.06477926587301587
3 0.43987433862433867 0.691857638888889 0.09270833333333334 0.06923115079365079
3 0.2256746031746032 0.53765625 0.0908994708994709 0.0634077380952381
3 0.2324239417989418 0.769813988095238 0.09778439153439153 0.07137152777777778
3 0.5414517195767196 0.29533234126984126 0.10407076719576719 0.07231150793650794
3 0.4315376984126984 0.21019097222222222 0.09257275132275132 0.07563988095238096
4 0.6517294973544974 0.19104910714285714 0.12621031746031747 0.10432291666666667
1 0.09228505291005291 0.5379811507936507 0.13827380952380952 0.08141865079365079
0 0.10929563492063492 0.6205183531746031 0.10946428571428571 0.06792410714285714