5 0.09275793650793651 0.20288690476190474 0.14186507936507936 0.09323164682539684
3 0.2197420634920635 0.21157242063492063 0.09953703703703703 0.07090525793650794
7 0.3245701058201058 0.2130580357142857 0.09490740740740741 0.07784970238095237
3 0.32142857142857145 0.29491815476190475 0.07804232804232804 0.07286458333333334
3 0.4307208994708995 0.45491319444444445 0.0744047619047619 0.05545386904761905
3 0.22552910052910052 0.5392609126984127 0.10052910052910052 0.08348214285714287
3 0.3263888888888889 0.6171478174603175 0.083994708994709 0.06068452380952381
3 0.3318452380952381 0.7004935515873015 0.10482804232804233 0.07856894841269842
9 0.6461640211640212 0.2143105158730159 0.10846560846560846 0.07842261904761905
10 0.751818783068783 0.20723958333333334 0.08498677248677249 0.06676339285714286
12 0.8683862433862434 0.20885416666666667 0.1164021164021164 0.08735119047619047
10 0.7455357142857143 0.295796130952381 0.105489417989418 0.07026289682539683
11 0.6450066137566137 0.37703373015873015 0.10284391534391535 0.07648809523809523
10 0.7445436507936508 0.37666170634920637 0.08366402116402116 0.07326388888888888
10 0.533068783068783 0.45244047619047617 0.08068783068783068 0.06857390873015873
10 0.6352513227513228 0.5334300595238095 0.09325396825396826 0.06934027777777778
8 0.8670634920634921 0.45889136904761907 0.1402116402116402 0.08147321428571429
10 0.7486772486772487 0.6155357142857143 0.10185185185185185 0.07978422619047619
9 0.6403769841269841 0.618015873015873 0.10681216931216932 0.06490079365079365
7 0.5365410052910053 0.6186383928571428 0.09755291005291006 0.08350446428571429
2 0.6383928571428571 0.6975173611111111 0.08961640211640212 0.07261408730158729
10 0.7420634920634921 0.7714384920634921 0.10185185185185185 0.07164434523809524
12 0.8576388888888888 0.7813616071428571 0.11144179894179894 0.10141369047619048
3 0.22371031746031747 0.7729265873015874 0.09358465608465609 0.07462053571428572
5 0.10681216931216932 0.7761507936507936 0.12103174603174603 0.08603174603174603
0 0.1013558201058201 0.6206101190476191 0.1378968253968254 0.06135664682539682
4 0.0873015873015873 0.5409871031746032 0.13624338624338625 0.06683779761904762
1 0.08895502645502645 0.46036954365079363 0.13955026455026456 0.06438244047619048