5 0.10036375661375661 0.20141369047619048 0.13128306878306878 0.10223214285714285
0 0.09656084656084656 0.37095486111111114 0.10714285714285714 0.06681299603174602
1 0.08928571428571429 0.4564112103174603 0.15873015873015872 0.08643353174603174
4 0.09126984126984126 0.5450892857142857 0.14947089947089948 0.08770089285714286
0 0.10978835978835978 0.6211185515873016 0.1335978835978836 0.07854414682539683
2 0.10929232804232804 0.6975173611111111 0.11607142857142858 0.07261408730158729
5 0.11359126984126984 0.7858258928571428 0.11805555555555555 0.09050099206349206
3 0.2175925925925926 0.20935019841269842 0.09788359788359788 0.07842261904761905
3 0.3265542328042328 0.2948040674603175 0.09424603174603174 0.06827876984126985
3 0.22767857142857142 0.3764136904761905 0.10152116402116403 0.06780505952380952
3 0.22288359788359788 0.4593874007936508 0.09523809523809523 0.07254464285714286
3 0.22668650793650794 0.5372743055555556 0.09292328042328042 0.0695907738095238
3 0.328042328042328 0.6198759920634921 0.08068783068783068 0.06118055555555556
3 0.33035714285714285 0.701485615079365 0.09193121693121693 0.07063244047619048
3 0.23082010582010581 0.7763988095238096 0.1111111111111111 0.08156746031746032
9 0.6514550264550265 0.21282242063492063 0.09259259259259259 0.07544642857142857
11 0.6423611111111112 0.37628968253968254 0.11078042328042328 0.08988343253968255
9 0.6421957671957672 0.6231026785714285 0.10052910052910052 0.08251488095238095
12 0.8776455026455027 0.20835813492063493 0.12169312169312169 0.08635912698412698
7 0.8728505291005291 0.3736855158730159 0.10218253968253968 0.07723214285714285
8 0.8746693121693122 0.4597594246031746 0.12235449735449735 0.0757688492063492
7 0.8530092592592593 0.6273189484126984 0.11541005291005291 0.08598958333333333
12 0.8604497354497355 0.7823536706349206 0.12698412698412698 0.09347718253968254
10 0.7599206349206349 0.21753472222222223 0.09788359788359788 0.07991319444444443
10 0.75 0.29542410714285716 0.09126984126984126 0.06703869047619047
10 0.75 0.3765376984126984 0.07804232804232804 0.06557291666666666
10 0.7506613756613757 0.5397544642857143 0.09259259259259259 0.06463045634920635
10 0.7478505291005291 0.618015873015873 0.103505291005291 0.07482390873015873
10 0.7452050264550265 0.6985094246031746 0.09821428571428571 0.06467757936507935
10 0.7513227513227513 0.7752827380952381 0.09391534391534391 0.07189484126984128
10 0.5390211640211641 0.4580233134920635 0.07936507936507936 0.06733382936507937