7 0.10915343915343914 0.2908705357142857 0.1157936507936508 0.07579117063492063
9 0.429183201058201 0.528531746031746 0.09447751322751323 0.0699578373015873
8 0.879540343915344 0.2842857142857143 0.13209325396825397 0.09734126984126984
11 0.6479596560846561 0.3715922619047619 0.10213955026455027 0.07850198412698413
12 0.8617228835978835 0.4550868055555556 0.11630291005291005 0.07684027777777777
12 0.6422222222222222 0.6977405753968254 0.10058201058201059 0.08099702380952381
10 0.6512003968253969 0.5332316468253968 0.09539021164021164 0.0743998015873016
10 0.5414616402116402 0.4554836309523809 0.10078373015873016 0.0677157738095238
10 0.6500099206349207 0.293874007936508 0.099619708994709 0.07683531746031746
10 0.7588921957671957 0.20735863095238097 0.09583002645502646 0.07493799603174603
10 0.7513789682539683 0.37354910714285716 0.09402777777777777 0.07001488095238095
10 0.7499801587301588 0.6140500992063492 0.09123015873015873 0.0673859126984127
10 0.7498743386243386 0.7719270833333333 0.09101521164021165 0.07312003968253968
3 0.4350033068783069 0.19735119047619049 0.10611772486772486 0.07972470238095238
3 0.32508597883597884 0.2923487103174603 0.10784060846560847 0.07874503968253968
3 0.43246031746031743 0.45088541666666665 0.09111441798941798 0.07091765873015873
3 0.22467261904761904 0.5348958333333332 0.09551256613756613 0.07028769841269841
3 0.33029431216931215 0.61078125 0.09180555555555556 0.06332589285714287
3 0.3356779100529101 0.6923611111111111 0.0893452380952381 0.07767857142857143
3 0.2297519841269841 0.7745858134920636 0.10235780423280422 0.08340029761904762
5 0.11592592592592593 0.7802852182539682 0.11610780423280424 0.08735863095238096
4 0.6549537037037036 0.19536458333333334 0.11942791005291005 0.09559275793650794
1 0.09901785714285714 0.4498338293650794 0.14843584656084657 0.08617559523809523
0 0.1125760582010582 0.6135714285714285 0.1226388888888889 0.07634672619047618