7 0.10648148148148148 0.29914434523809524 0.10052910052910052 0.07944196428571429
1 0.09391534391534391 0.45678323412698413 0.14153439153439154 0.0698139880952381
3 0.22503306878306878 0.5357886904761905 0.08300264550264551 0.07653521825396825
0 0.1111111111111111 0.6159077380952381 0.10978835978835978 0.07308531746031746
3 0.3333333333333333 0.616155753968254 0.09126984126984126 0.06862103174603175
3 0.33201058201058203 0.689702380952381 0.08862433862433862 0.06442708333333333
3 0.22999338624338625 0.7704439484126984 0.09953703703703703 0.06966021825396826
5 0.11226851851851852 0.7747867063492063 0.08895502645502645 0.09074652777777778
3 0.43022486772486773 0.45665674603174605 0.08002645502645503 0.06212549603174603
3 0.32936507936507936 0.2905877976190476 0.09656084656084656 0.07472470238095238
3 0.32605820105820105 0.2143105158730159 0.08994708994708994 0.06850198412698412
4 0.6489748677248677 0.19781746031746034 0.11078042328042328 0.08759672619047619
10 0.6501322751322751 0.2975322420634921 0.08994708994708994 0.06877480158730159
10 0.5373677248677249 0.45727926587301587 0.0958994708994709 0.08072916666666667
10 0.6421957671957672 0.5372743055555556 0.10052910052910052 0.0695907738095238
10 0.7503306878306878 0.6149156746031746 0.09854497354497355 0.07110119047619048
10 0.7509920634920635 0.7705704365079366 0.08664021164021164 0.07734871031746032
12 0.6438492063492064 0.6975173611111111 0.11044973544973545 0.08253720238095238
9 0.6390542328042328 0.614295634920635 0.09093915343915344 0.062420634920634925
10 0.7566137566137566 0.3785218253968254 0.09126984126984126 0.06954365079365078
11 0.6456679894179894 0.37628968253968254 0.10416666666666667 0.07996031746031745
12 0.8664021164021164 0.3730654761904762 0.11243386243386243 0.07847222222222222
8 0.875 0.28686755952380955 0.12962962962962962 0.08216517857142858
10 0.7567791005291006 0.20784970238095238 0.09689153439153439 0.07338541666666666