4 0.09126984126984126 0.19631200396825396 0.167989417989418 0.1138219246031746
1 0.09126984126984126 0.5357762896825397 0.15476190476190477 0.07229662698412699
0 0.1164021164021164 0.6062227182539682 0.11772486772486772 0.07029017857142858
3 0.5400132275132276 0.28947172619047623 0.10119047619047619 0.07497271825396826
3 0.22585978835978837 0.5349181547619047 0.08134920634920635 0.07231894841269841
3 0.7473544973544973 0.7654836309523809 0.08597883597883597 0.06965773809523809
7 0.10515873015873016 0.2917038690476191 0.12433862433862433 0.08439980158730159
11 0.10813492063492064 0.7860739087301587 0.13690476190476192 0.10588045634920636
8 0.8806216931216931 0.2788045634920635 0.13425925925925927 0.08836557539682541
10 0.3229166666666667 0.3723214285714286 0.08035714285714286 0.07202132936507936
10 0.3191137566137566 0.5244990079365079 0.08267195767195767 0.06140128968253968
10 0.5390211640211641 0.5361582341269842 0.07936507936507936 0.05991567460317461
10 0.7491732804232805 0.6145436507936508 0.09292328042328042 0.057953869047619046
10 0.6451719576719577 0.29095982142857146 0.08664021164021164 0.07795138888888889
10 0.7542989417989417 0.20773809523809525 0.09325396825396826 0.06775545634920635