4 0.3152480158730159 0.36758184523809523 0.10470238095238095 0.07296130952380953
1 0.21340608465608465 0.6161979166666667 0.1291931216931217 0.08408234126984127
0 0.6436607142857143 0.37062996031746037 0.09684193121693123 0.06913938492063491
3 0.5379199735449736 0.2848065476190476 0.08708333333333332 0.06614087301587301
3 0.22616732804232803 0.5290426587301587 0.09518849206349207 0.06849950396825397
10 0.5382837301587301 0.5289484126984126 0.09773478835978837 0.07079613095238095
10 0.43528108465608467 0.6112599206349206 0.09675264550264549 0.06428571428571428
10 0.6474768518518519 0.28800843253968256 0.08463624338624338 0.06510416666666667
12 0.33232473544973545 0.2009449404761905 0.11240079365079364 0.08195188492063492
11 0.7698644179894181 0.19094494047619048 0.12768849206349206 0.10163442460317461
8 0.8784457671957672 0.2759796626984127 0.12990410052910054 0.09313244047619047