4 0.09410383597883598 0.2789657738095238 0.14909391534391536 0.08691220238095239
1 0.09470568783068782 0.5312475198412698 0.15450727513227513 0.08085813492063491
0 0.11007275132275132 0.6113963293650794 0.13038359788359788 0.06937251984126984
11 0.11065806878306877 0.7847544642857143 0.1386441798941799 0.11365575396825396
8 0.8814021164021164 0.2795064484126984 0.15235449735449735 0.09522569444444444
10 0.32464616402116403 0.3731125992063492 0.08381613756613757 0.059223710317460314
10 0.32760582010582007 0.5259424603174603 0.08973875661375662 0.06229910714285714
10 0.5391865079365079 0.5306622023809524 0.08961640211640212 0.06678075396825396
10 0.7488260582010582 0.6115947420634921 0.10545965608465609 0.06743303571428572
10 0.6445304232804233 0.290530753968254 0.09197089947089947 0.07014632936507936
10 0.4304199735449735 0.208125 0.09364417989417989 0.06654761904761905
3 0.22177579365079364 0.5311830357142857 0.09302579365079365 0.07030257936507936
3 0.5358234126984127 0.2899330357142857 0.09611772486772488 0.0714360119047619
3 0.7437268518518519 0.7645907738095238 0.0985681216931217 0.07332837301587303