8 0.8676223544973545 0.2755902777777778 0.14006613756613756 0.1005530753968254
10 0.33409060846560845 0.2049280753968254 0.0772718253968254 0.06320436507936508
10 0.32224867724867723 0.370734126984127 0.07033399470899471 0.05390873015873016
10 0.32775132275132274 0.5247941468253968 0.06698412698412698 0.051622023809523805
10 0.5429431216931216 0.5325992063492063 0.06914021164021164 0.054675099206349206
10 0.7547850529100528 0.6126364087301588 0.07416335978835979 0.05685267857142857
10 0.6406679894179894 0.28863343253968254 0.07081349206349206 0.05298611111111111
3 0.5324140211640211 0.286391369047619 0.06722552910052909 0.05747271825396825
3 0.2227281746031746 0.5344642857142857 0.07224867724867724 0.05122519841269841
3 0.75 0.766765873015873 0.0837334656084656 0.06906001984126983
11 0.09928240740740742 0.7815649801587301 0.14114748677248676 0.10583829365079366
0 0.11148148148148149 0.613516865079365 0.12248677248677248 0.06399801587301587
1 0.09306216931216932 0.5327653769841271 0.1478472222222222 0.0747420634920635
4 0.0922255291005291 0.3732316468253968 0.15334986772486772 0.07505456349206349