5 0.09308862433862433 0.19694940476190476 0.11673280423280423 0.09330109126984126
0 0.10251322751322751 0.377405753968254 0.11904761904761904 0.06979166666666665
1 0.09325396825396826 0.4533110119047619 0.1402116402116402 0.09263392857142858
4 0.09275793650793651 0.5437251984126985 0.14914021164021163 0.09241319444444444
0 0.10449735449735449 0.6217385912698412 0.12301587301587301 0.07730406746031745
2 0.1078042328042328 0.6993799603174603 0.14285714285714285 0.08873759920634922
2 0.04513888888888889 0.7339756944444444 0.000992063492063492 0.0016815476190476192
5 0.11755952380952381 0.7837152777777778 0.1259920634920635 0.07884176587301588
3 0.22420634920634921 0.20500992063492063 0.1111111111111111 0.07718005952380952
3 0.32671957671957674 0.2921999007936508 0.07804232804232804 0.06554811507936509
3 0.22552910052910052 0.3767857142857143 0.10052910052910052 0.07103174603174603
3 0.22503306878306878 0.4546726190476191 0.09623015873015874 0.06807787698412698
3 0.22486772486772486 0.5350421626984126 0.08597883597883597 0.07008680555555555
3 0.33134920634920634 0.6168998015873016 0.0873015873015873 0.06514880952380953
3 0.32523148148148145 0.6944171626984127 0.10482804232804233 0.07881448412698412
3 0.23214285714285715 0.7778869047619048 0.0873015873015873 0.08454613095238095
10 0.5362103174603174 0.46261160714285715 0.09027777777777778 0.08395585317460318
10 0.750165343915344 0.5432291666666668 0.0882936507936508 0.061654265873015875
10 0.7476851851851852 0.6190079365079365 0.08002645502645503 0.05696428571428572
10 0.7513227513227513 0.6955332341269841 0.08068783068783068 0.058722718253968256
10 0.7478505291005291 0.7696999007936508 0.09027777777777778 0.07313244047619048
10 0.7582671957671958 0.3833581349206349 0.08796296296296297 0.07177579365079365
10 0.7552910052910053 0.30162450396825397 0.10185185185185185 0.06455853174603175
10 0.7577711640211641 0.21579861111111112 0.09689153439153439 0.0714781746031746
9 0.65244708994709 0.20947420634920635 0.10119047619047619 0.07619047619047618
11 0.6438492063492064 0.37963789682539684 0.09722222222222222 0.07921626984126984
9 0.6461640211640212 0.6191319444444445 0.09523809523809523 0.07457589285714286
12 0.875 0.21580109126984126 0.12962962962962962 0.10124503968253969
7 0.875 0.37343750000000003 0.10317460317460317 0.07177331349206349
8 0.8756613756613757 0.45678323412698413 0.13095238095238096 0.07973710317460317
7 0.8568121693121693 0.6254588293650793 0.09986772486772487 0.07978670634920634
12 0.8673941798941799 0.7863219246031745 0.12103174603174603 0.09149305555555555