5 0.09060846560846561 0.1980654761904762 0.12169312169312169 0.09305307539682539
2 0.0980489417989418 0.29195188492063495 0.13326719576719576 0.07993551587301588
0 0.10697751322751323 0.3817460317460318 0.11805555555555555 0.07103174603174603
1 0.09457671957671958 0.45690724206349204 0.14285714285714285 0.07750496031746032
4 0.08895502645502645 0.5468253968253969 0.13822751322751323 0.07628968253968255
0 0.10383597883597884 0.6244667658730159 0.12169312169312169 0.06787946428571429
2 0.10846560846560846 0.7057043650793651 0.11772486772486772 0.0741046626984127
5 0.11160714285714286 0.7878100198412697 0.11408730158730158 0.07462549603174602
3 0.21329365079365079 0.20835813492063493 0.0958994708994709 0.08635912698412698
3 0.21924603174603174 0.299640376984127 0.09457671957671958 0.0705109126984127
3 0.22073412698412698 0.3771577380952381 0.09424603174603174 0.0643328373015873
3 0.22023809523809523 0.45702876984126983 0.08994708994708994 0.06534970238095238
3 0.22255291005291006 0.5407490079365079 0.08796296296296297 0.06661458333333332
3 0.2222222222222222 0.620124007936508 0.08068783068783068 0.056716269841269845
3 0.22900132275132276 0.6983854166666666 0.09093915343915344 0.056986607142857144
3 0.2273478835978836 0.7829712301587302 0.09424603174603174 0.07239087301587302
12 0.8801256613756614 0.20835813492063493 0.11673280423280423 0.08635912698412698
9 0.8707010582010583 0.299640376984127 0.11441798941798942 0.0705109126984127
7 0.875 0.3836061507936508 0.1164021164021164 0.06731150793650793
8 0.8718584656084656 0.4613715277777778 0.14649470899470898 0.07651289682539683
11 0.8741732804232805 0.548685515873016 0.13128306878306878 0.08249255952380953
7 0.8564814814814815 0.6250868055555555 0.10582010582010581 0.07656249999999999
9 0.8597883597883598 0.7114087301587302 0.11243386243386243 0.08055555555555556
12 0.871031746031746 0.7871899801587301 0.12169312169312169 0.08578869047619048
10 0.7513227513227513 0.2177827380952381 0.09391534391534391 0.07544890873015872
10 0.7559523809523809 0.29914434523809524 0.08994708994708994 0.06951884920634921
10 0.7490079365079365 0.3782738095238095 0.08267195767195767 0.06408482142857143
10 0.7514880952380952 0.4597594246031746 0.09093915343915344 0.06584573412698413
10 0.7483465608465608 0.540625 0.08134920634920635 0.06884672619047619
10 0.7509920634920635 0.6206200396825398 0.08664021164021164 0.06763144841269841
10 0.7433862433862434 0.6950372023809523 0.09126984126984126 0.06765376984126983
10 0.7448743386243386 0.7742906746031746 0.09093915343915344 0.06990823412698413