5 0.10036375661375661 0.20660714285714285 0.13326719576719576 0.10067212301587303
5 0.113260582010582 0.7829737103174603 0.12400793650793651 0.08231398809523809
1 0.09375 0.4514484126984127 0.144510582010582 0.07651041666666666
4 0.09308862433862433 0.5429811507936508 0.1431878306878307 0.07604166666666667
0 0.10929232804232804 0.6223561507936508 0.11607142857142858 0.06614335317460317
2 0.113260582010582 0.699749503968254 0.12400793650793651 0.07211805555555555
0 0.3273809523809524 0.20203373015873016 0.10582010582010581 0.08114831349206349
3 0.21329365079365079 0.2104637896825397 0.08267195767195767 0.058330853174603174
3 0.3273809523809524 0.29406001984126984 0.07936507936507936 0.061827876984126985
3 0.22453703703703703 0.375047123015873 0.09193121693121693 0.06259672619047618
3 0.22321428571428573 0.4569047619047619 0.08928571428571429 0.05765873015873016
3 0.22685185185185186 0.5432291666666668 0.08994708994708994 0.061654265873015875
3 0.330026455026455 0.618139880952381 0.08465608465608465 0.06266865079365079
3 0.3326719576719577 0.6965252976190476 0.08994708994708994 0.06070684523809524
3 0.226521164021164 0.7760267857142857 0.0958994708994709 0.07834325396825396
9 0.6567460317460317 0.2099702380952381 0.10317460317460317 0.07718253968253969
12 0.8816137566137566 0.20910218253968255 0.1164021164021164 0.08288690476190476
12 0.8708664021164021 0.7883060515873015 0.12466931216931217 0.09546130952380952
8 0.8756613756613757 0.4624875992063492 0.14417989417989419 0.08618799603174603
11 0.6483134920634921 0.3798859126984127 0.09623015873015874 0.07475198412698413
7 0.8530092592592593 0.6279389880952381 0.10218253968253968 0.07482638888888889
7 0.5423280423280423 0.6252108134920634 0.08597883597883597 0.07433035714285714
9 0.6479828042328042 0.6211160714285715 0.08895502645502645 0.0686235119047619
10 0.7592592592592593 0.21071428571428572 0.08333333333333333 0.06378720238095238
10 0.7607473544973545 0.29765625 0.08300264550264551 0.06654265873015873
10 0.7526455026455027 0.3800099206349207 0.08333333333333333 0.06259672619047618
10 0.5357142857142857 0.4578968253968254 0.08597883597883597 0.0596453373015873
10 0.7509920634920635 0.5395064484126985 0.08664021164021164 0.059171626984126986
10 0.7473544973544973 0.6197519841269842 0.08597883597883597 0.06341269841269842
10 0.7491732804232805 0.6985094246031746 0.09292328042328042 0.06467757936507935
10 0.7466931216931217 0.7749107142857143 0.08465608465608465 0.06866815476190476